37
96
19 12 2
1 25 701
27 11 515
4 7 438
26 19 279
25 4 20
13 22 235
1 6 84
12 19 227
33 31 363
21 28 341
37 12 3
27 2 782
18 36 475
10 22 916
14 7 482
19 11 351
2 35 955
27 5 578
31 22 124
17 4 335
34 14 698
34 7 334
21 15 46
10 29 370
34 3 996
30 15 183
2 5 127
34 4 920
1 4 188
1 12 99
13 16 444
13 24 311
13 29 690
29 36 237
2 19 825
33 16 872
35 11 968
8 23 396
18 22 764
17 3 598
8 15 422
29 33 24
25 17 596
21 8 958
36 22 298
26 2 314
5 19 394
2 32 840
10 36 841
1 34 249
18 31 445
9 33 232
6 20 210
29 31 999
11 37 761
19 37 99
24 16 683
26 5 600
12 11 34
36 31 666
19 37 810
34 25 333
26 35 221
2 12 678
26 12 884
5 35 177
26 11 383
6 25 288
18 29 930
5 32 728
5 37 721
13 18 162
14 4 414
18 24 178
10 31 205
30 23 759
1 14 799
17 20 935
12 32 860
25 3 358
27 37 421
24 36 97
9 24 102
1 20 825
27 32 227
27 12 949
26 37 256
12 35 787
15 23 623
2 37 256
6 3 981
13 36 17
26 32 673
20 4 840
1 19 43
