71
160
30 25 925
61 49 383
27 22 121
29 56 7
48 55 79
40 56 429
34 71 10
1 42 993
39 44 16
50 37 195
6 62 183
17 52 216
38 4 10
45 11 372
67 54 159
53 59 117
13 54 959
68 2 222
21 71 15
1 21 678
1 2 43
60 12 553
21 68 709
1 71 461
18 7 563
11 39 640
63 32 953
11 6 482
53 35 216
6 39 445
17 54 527
12 71 405
23 71 10
50 34 6
58 14 3
55 11 586
18 54 70
58 20 217
40 54 246
32 64 249
50 9 574
24 34 69
4 54 633
56 52 185
33 24 974
4 47 312
18 56 185
10 34 298
23 54 10
40 13 442
53 69 547
58 51 855
12 21 884
56 7 165
33 50 25
9 34 544
63 4 946
66 15 261
32 16 817
68 71 72
1 38 10
31 64 229
14 15 84
17 29 212
14 8 751
64 16 920
66 70 587
9 37 368
40 17 11
10 9 957
45 62 471
14 22 6
36 3 163
20 27 475
14 66 423
19 20 599
15 27 548
26 30 640
70 27 647
14 70 109
36 5 10
1 43 983
41 10 713
60 43 180
58 8 673
7 54 237
58 23 70
12 68 182
23 27 770
7 13 57
20 15 69
1 60 671
48 44 471
43 2 382
14 51 817
26 4 10
31 16 500
66 23 737
66 27 254
38 64 397
18 67 658
65 33 688
35 46 659
15 22 198
3 49 894
8 27 505
20 8 180
1 41 10
38 16 699
1 12 727
43 68 22
45 6 145
7 52 465
45 28 60
11 44 61
40 29 597
6 44 258
63 47 37
54 71 10
36 61 224
66 8 13
45 55 854
29 52 944
42 2 817
67 13 930
63 64 926
42 71 343
67 52 161
17 67 907
53 46 899
58 15 406
63 16 530
23 22 73
41 4 10
19 8 484
33 9 290
40 52 517
20 22 262
17 7 58
40 7 426
54 34 10
42 12 396
60 68 37
10 37 728
41 24 405
29 7 920
60 71 817
10 50 411
41 9 909
42 68 480
65 34 729
58 70 546
41 34 896
38 32 601
10 65 131
37 34 853
1 26 10
29 67 520
21 2 221
18 52 763
