62
285
4 20 669
1 41 793
20 3 51
30 59 114
22 11 939
61 9 577
19 6 249
4 19 709
25 62 358
40 10 894
50 58 704
35 51 507
4 33 633
17 61 636
15 22 597
7 61 493
19 20 652
13 59 780
53 23 277
55 11 553
14 58 668
25 46 420
30 20 596
22 55 903
46 56 151
36 58 756
2 62 750
61 6 932
26 12 440
30 7 848
43 49 515
25 56 320
39 59 248
14 52 521
18 28 265
20 6 453
39 17 651
27 34 224
44 10 271
26 58 494
34 20 210
37 19 505
47 31 226
57 53 209
57 54 9
22 32 488
18 20 152
39 4 913
61 20 302
15 11 738
8 51 288
4 61 441
39 34 283
22 45 582
14 23 769
7 42 381
33 9 645
38 14 157
4 28 285
49 36 934
18 17 859
38 50 858
15 62 333
21 23 766
54 24 385
53 58 131
8 31 467
43 57 221
28 6 212
45 29 556
57 60 567
35 47 712
4 59 967
7 59 852
32 2 65
25 29 733
23 50 672
33 42 550
43 12 705
57 36 315
36 50 545
30 9 946
4 5 285
31 10 157
33 20 442
37 39 160
1 15 759
53 60 35
4 9 912
19 59 311
41 56 180
49 50 128
34 6 981
27 59 880
18 7 278
61 3 146
27 48 919
21 24 425
48 42 551
25 41 570
14 43 529
26 24 682
15 32 76
29 62 71
15 46 109
17 3 681
37 59 756
27 28 83
40 44 597
37 28 719
32 55 758
16 24 197
20 59 733
46 11 85
30 34 94
50 60 880
34 9 567
34 59 302
62 59 3
22 29 732
16 58 21
18 13 965
13 19 235
47 10 754
57 16 583
46 55 9
20 48 693
17 30 577
39 30 425
26 50 45
37 18 394
16 60 455
34 48 909
33 6 674
17 4 469
21 60 751
3 5 288
30 19 436
39 5 456
15 2 145
19 61 99
39 6 286
60 24 951
1 42 57
30 3 546
53 36 349
34 28 340
23 52 936
37 27 756
30 27 869
59 42 224
51 10 5
35 31 186
31 44 452
57 24 171
25 11 251
18 33 457
22 2 210
33 3 984
1 25 410
41 2 949
34 5 230
34 61 363
37 3 685
36 52 917
57 26 658
29 41 569
27 5 489
18 5 753
43 50 771
45 56 120
43 16 883
57 58 320
3 9 464
39 42 731
16 52 198
22 56 676
23 12 50
38 12 424
37 42 195
48 5 137
43 26 571
8 10 461
4 13 881
8 47 949
33 7 437
17 20 998
60 58 469
3 42 525
4 7 43
19 9 997
15 29 641
23 26 320
46 62 620
22 62 235
38 26 550
17 13 199
21 12 142
1 46 622
42 62 99
61 42 852
37 48 298
43 52 113
17 7 170
38 23 948
13 5 230
45 62 484
37 7 23
46 2 354
39 9 625
9 5 171
13 48 402
19 3 664
1 29 303
45 46 454
30 48 673
61 48 341
43 60 646
27 7 821
7 3 368
23 16 169
56 55 84
13 9 129
19 48 476
35 44 527
14 57 328
39 48 937
14 26 630
52 24 241
32 62 700
4 6 333
7 28 337
23 58 140
45 32 898
17 59 307
25 55 865
28 42 616
14 24 854
49 53 663
37 13 693
1 45 294
26 60 146
14 36 894
6 9 320
1 59 99
14 54 220
38 43 393
32 46 276
14 16 235
43 58 174
4 42 527
33 48 372
14 50 137
43 21 292
28 59 537
41 55 484
14 49 38
54 52 838
53 52 201
49 16 233
50 24 800
54 49 188
13 34 586
61 5 751
26 16 646
53 16 789
37 34 542
57 21 892
48 9 216
14 21 193
42 59 2
15 25 284
54 50 356
54 26 176
53 12 487
49 12 598
1 56 646
22 25 839
57 12 722
1 2 974
37 5 845
30 61 307
36 24 110
53 50 481
15 41 136
