100
776
28 84 252
79 49 343
32 42 848
62 73 834
77 51 821
34 98 192
32 50 902
10 72 342
62 100 439
92 97 364
55 45 177
25 23 589
2 59 708
41 68 45
54 4 359
33 51 424
69 30 53
59 4 942
49 73 366
75 51 45
37 85 155
83 48 680
55 98 203
82 9 729
26 27 405
52 81 918
35 3 769
88 72 444
62 91 129
80 72 727
63 48 848
70 35 676
24 37 735
70 3 563
94 13 236
83 18 178
41 4 959
85 33 790
29 40 857
28 46 90
80 17 978
32 48 209
58 10 636
16 71 48
27 97 445
85 71 549
79 20 427
79 73 891
84 63 689
93 18 35
62 5 972
36 93 397
73 48 832
74 41 146
27 68 802
52 83 260
21 19 807
87 78 948
20 63 25
70 53 600
79 84 219
8 7 315
36 15 751
34 73 160
19 40 808
32 45 625
25 47 207
56 8 929
55 60 584
49 18 794
62 18 974
27 92 850
1 66 71
34 79 721
30 9 174
24 16 879
65 6 470
49 63 576
2 19 249
90 74 755
91 5 179
97 68 233
84 81 609
1 27 721
93 62 485
47 23 724
50 63 341
44 96 606
20 15 99
1 54 424
1 14 198
43 61 51
55 34 378
46 78 551
75 39 766
37 33 369
74 40 680
75 94 839
14 97 154
2 29 522
71 13 488
91 18 687
25 94 742
25 31 103
35 99 126
70 58 19
36 45 45
57 64 619
59 19 340
98 67 477
95 71 322
30 8 450
2 54 76
95 31 837
23 31 597
95 33 792
38 72 496
39 86 899
49 20 145
12 31 735
61 99 559
62 79 439
66 91 917
45 78 872
32 60 654
35 9 616
89 68 332
95 23 902
60 78 655
36 5 33
55 52 785
47 86 884
70 9 698
78 100 493
77 13 368
79 45 817
52 73 480
16 77 490
67 100 137
93 48 205
5 15 427
73 67 409
36 18 506
47 65 926
87 91 52
34 48 685
93 83 623
37 23 852
52 49 877
20 48 347
47 85 683
62 52 178
26 97 763
20 5 762
34 32 144
37 39 782
34 11 180
99 9 205
80 58 519
56 7 648
16 65 326
93 15 31
46 83 247
87 46 677
96 64 695
54 92 439
16 13 222
22 82 371
62 45 332
98 73 820
43 10 389
59 40 676
49 100 294
86 51 750
98 48 106
96 56 372
60 52 531
60 63 682
26 74 840
1 19 526
44 30 959
36 83 632
33 94 19
10 9 949
87 42 662
87 20 406
49 11 183
12 51 119
88 82 27
36 79 693
74 14 101
19 89 621
91 50 283
65 39 611
23 13 85
43 70 881
60 46 626
65 13 894
88 99 554
93 78 763
70 7 642
38 9 523
87 50 557
88 3 74
25 39 526
34 67 202
44 9 949
60 49 151
28 20 347
67 15 647
66 45 66
46 50 495
6 13 968
96 53 848
59 97 832
97 4 8
87 45 629
61 64 251
47 12 842
60 50 922
12 86 978
11 67 320
49 48 537
60 45 496
79 15 506
87 63 669
59 89 992
23 39 785
62 63 821
24 47 150
57 58 697
91 67 719
73 81 272
62 42 626
70 10 599
75 13 215
43 53 348
62 81 541
80 38 56
45 49 424
95 12 727
74 4 972
84 73 887
30 10 550
55 11 738
25 95 713
69 53 295
42 81 798
80 82 669
70 22 59
32 52 998
49 67 110
3 82 425
2 14 829
85 13 157
30 82 352
96 82 557
32 18 377
60 83 715
28 100 697
49 5 75
74 68 797
56 72 660
38 53 481
98 11 210
55 84 474
60 67 324
96 10 949
55 93 746
70 72 671
52 46 842
97 76 402
24 75 845
78 84 898
44 22 505
26 92 962
29 76 169
54 68 384
18 100 951
36 34 852
24 6 764
29 68 525
5 67 411
27 40 222
90 76 947
8 53 476
93 60 51
90 54 812
46 100 96
87 48 357
70 99 710
55 100 12
38 8 878
38 88 276
46 20 945
31 13 109
61 53 940
36 42 439
34 18 416
55 66 95
20 100 608
28 78 663
41 27 148
96 8 840
55 20 116
60 18 197
34 83 279
57 9 296
24 39 374
78 73 656
23 77 525
60 5 475
52 15 395
32 73 696
62 98 895
73 15 675
55 78 320
16 51 834
84 18 191
47 39 118
39 13 502
50 100 216
93 49 179
11 63 327
41 97 827
2 26 840
99 64 681
50 83 680
17 82 553
46 18 667
56 10 134
17 10 141
62 46 942
11 5 705
24 23 441
62 15 634
23 16 291
1 21 112
42 5 828
80 96 4
88 7 181
19 68 151
45 83 536
44 17 107
30 7 209
63 81 797
56 53 741
16 94 14
62 50 262
80 22 909
43 69 900
2 76 984
91 42 427
37 51 284
87 100 291
66 83 308
87 11 4
58 72 921
95 77 95
60 11 755
27 4 78
62 20 487
45 18 812
96 69 740
17 56 394
73 5 857
92 68 125
61 3 871
43 35 805
56 30 395
32 81 569
27 89 637
23 65 321
38 22 790
67 48 94
84 15 298
52 20 810
75 31 109
35 72 210
56 35 274
15 100 815
80 56 93
54 41 320
1 68 685
37 94 987
52 11 390
30 99 649
66 63 95
45 100 793
35 22 653
98 5 37
38 35 242
90 29 46
45 11 450
80 43 978
14 89 906
20 81 959
89 4 519
95 94 659
78 42 477
26 14 214
68 40 9
71 12 797
90 4 8
81 15 608
2 21 813
43 7 213
60 42 271
46 91 175
90 40 301
32 20 117
32 28 588
66 48 412
24 85 330
88 10 291
65 86 788
32 87 215
47 51 855
30 64 964
42 84 913
26 68 720
72 9 847
80 7 996
6 51 541
98 63 411
36 49 850
77 12 401
76 40 705
98 18 199
37 12 120
94 86 861
70 69 701
95 51 700
6 86 320
8 10 736
10 82 835
34 28 274
93 81 994
49 15 928
37 16 862
57 35 756
55 73 272
25 13 893
7 99 955
95 13 819
98 83 738
28 63 850
65 12 461
46 15 418
37 47 252
78 18 935
25 33 430
24 65 275
83 81 241
37 86 31
87 60 147
26 40 59
78 48 654
34 50 592
25 24 496
77 31 871
17 9 382
36 98 343
46 49 244
45 63 926
70 82 139
28 81 112
70 64 622
49 42 328
45 42 375
54 14 777
1 29 703
48 81 368
35 58 684
10 99 592
79 63 186
32 15 464
72 64 384
43 17 907
57 82 547
93 91 921
20 83 670
16 75 652
43 57 507
24 77 371
78 83 478
34 49 375
1 63 99
47 94 883
85 6 883
1 92 708
11 15 458
24 13 959
11 100 110
66 100 858
44 43 433
44 8 308
30 58 274
87 79 222
52 98 522
87 73 772
36 28 641
58 9 707
23 12 660
32 100 996
42 67 727
87 18 239
60 28 238
87 83 970
23 75 916
90 59 73
24 95 140
62 84 490
93 73 127
92 40 918
78 67 559
56 3 732
50 18 775
10 22 441
34 87 346
36 66 280
44 3 278
57 72 473
56 64 795
80 64 318
43 64 347
11 18 255
36 32 693
57 22 986
21 29 791
37 71 256
69 58 90
32 66 979
34 20 727
45 15 120
55 48 100
55 28 428
55 50 824
61 56 769
46 84 83
56 9 979
70 17 977
42 15 915
60 100 512
91 63 229
91 84 591
66 52 960
80 70 394
53 72 222
30 53 509
53 64 355
23 33 629
63 67 384
12 6 451
82 7 112
34 5 749
90 21 382
56 58 756
66 42 742
10 7 271
39 94 664
7 64 161
19 97 930
58 64 757
41 89 901
3 99 618
74 89 54
85 65 46
68 4 6
77 71 753
1 2 870
95 85 767
69 56 311
54 97 23
65 71 185
2 89 102
96 57 89
61 82 110
96 22 68
43 99 515
32 78 881
78 15 725
21 74 818
5 83 722
36 60 982
82 53 657
26 4 627
19 4 655
12 39 748
53 9 896
94 51 259
45 5 738
36 11 509
33 39 848
62 28 890
65 51 283
56 99 759
73 18 61
87 15 927
77 86 954
61 58 692
17 30 100
78 81 480
93 87 419
1 59 220
91 83 822
63 18 301
36 20 418
55 5 100
57 56 37
79 46 595
43 30 157
76 68 166
63 83 251
93 79 955
57 17 69
38 30 108
96 58 704
73 100 68
66 100 99
10 53 759
63 100 34
61 57 325
21 92 860
8 64 962
95 39 543
88 9 844
11 20 872
81 100 705
93 52 751
38 70 403
50 5 794
78 11 372
45 98 156
61 17 764
74 19 130
47 33 643
28 73 520
62 11 748
47 77 143
36 50 261
84 83 895
43 82 989
80 35 87
8 82 667
54 27 515
80 8 35
43 22 190
62 48 31
1 76 53
88 57 341
21 68 585
1 4 605
12 33 326
26 59 272
59 54 118
58 99 48
41 76 562
99 72 262
59 41 133
66 28 796
16 6 330
100 63 3
44 58 924
42 20 326
46 63 938
89 40 177
95 6 430
1 90 509
39 31 301
16 85 620
44 61 719
33 86 832
8 35 806
8 3 561
62 60 131
28 52 548
16 39 894
8 58 22
5 81 518
28 48 285
26 76 238
93 45 147
87 62 920
26 21 554
16 12 99
62 78 600
52 67 899
28 5 401
3 58 724
26 19 535
29 97 211
3 9 4
3 22 890
2 68 333
38 99 730
65 94 484
6 31 509
34 84 263
38 44 187
42 83 977
50 15 373
74 76 710
16 33 887
80 53 146
88 58 328
9 64 233
33 31 141
44 72 466
26 41 101
35 82 570
93 63 577
50 81 177
81 18 494
37 6 234
66 15 341
59 27 908
36 48 430
8 72 122
24 12 509
52 48 990
57 53 661
77 6 739
7 9 37
83 15 572
19 14 613
70 57 905
28 42 894
17 99 431
66 5 847
79 98 527
1 97 333
47 16 115
70 56 214
23 51 749
42 73 264
59 74 279
38 96 554
54 76 519
85 31 539
25 65 775
74 97 14
73 83 943
36 100 414
44 70 617
32 63 459
21 41 162
30 3 15
2 27 668
21 59 779
85 12 332
46 42 779
38 3 824
78 98 433
93 42 214
66 98 747
80 44 602
47 13 369
66 49 238
98 50 691
95 75 800
87 52 476
52 42 836
59 76 381
88 56 643
2 4 234
61 69 765
46 5 752
71 33 522
66 63 2
50 73 518
88 69 182
82 64 133
55 79 13
80 69 62
2 74 852
