100
358
95 60 239
75 84 89
87 50 844
64 57 208
44 60 594
40 90 456
3 82 441
5 23 102
68 47 110
27 16 237
2 50 666
70 27 512
81 52 728
34 78 543
41 52 745
16 99 628
67 85 789
55 92 553
80 62 496
48 100 255
51 97 103
59 9 743
91 78 59
70 94 342
9 97 86
75 2 207
64 47 481
54 77 172
36 87 10
83 94 251
1 64 10
98 36 465
95 26 437
10 77 678
32 33 834
29 9 34
34 5 784
89 100 342
3 36 915
81 97 475
71 55 634
72 96 356
21 2 999
80 52 712
79 98 254
26 49 332
20 31 401
29 62 844
84 8 67
1 14 10
3 46 560
3 98 368
34 76 69
32 60 373
1 12 300
67 31 808
7 15 315
74 23 37
52 53 190
75 17 77
35 92 862
1 84 182
21 12 579
29 80 794
24 41 566
76 5 920
38 27 527
95 66 74
15 45 794
29 53 149
75 50 570
8 12 685
66 25 510
48 19 681
20 83 6
43 99 87
59 51 517
1 13 188
39 12 853
80 51 837
85 4 806
29 66 10
2 63 304
10 15 171
9 68 463
20 99 203
47 51 67
4 14 262
9 64 668
38 43 952
7 45 310
60 49 689
31 37 190
80 57 387
68 62 11
88 78 118
42 61 882
79 58 96
85 83 209
71 78 665
27 43 726
76 55 904
79 61 37
52 97 910
56 10 516
85 99 40
12 28 64
41 47 247
39 28 741
32 66 411
22 28 453
9 53 544
7 10 398
48 73 132
33 65 599
30 92 409
11 63 840
59 62 426
44 66 357
60 65 17
52 51 462
56 77 973
34 55 679
69 90 423
60 25 302
52 57 258
95 65 771
17 2 16
98 61 218
69 86 535
59 68 284
57 47 114
13 63 9
24 9 582
34 74 949
71 5 560
54 7 415
7 56 967
85 43 176
70 67 629
69 18 83
31 14 235
95 49 252
44 25 813
20 43 228
11 39 817
41 62 912
43 37 723
59 57 415
67 37 291
24 64 591
15 77 581
16 14 980
26 25 678
22 63 232
87 66 989
57 51 242
78 55 891
33 96 934
13 50 21
21 63 999
24 53 612
37 83 431
43 14 560
34 30 262
53 97 119
59 52 259
75 8 432
38 31 405
38 99 868
39 2 783
27 37 985
38 14 661
27 85 550
72 65 564
66 82 10
89 19 628
39 50 968
35 30 304
11 2 204
50 12 274
32 49 824
13 11 323
74 78 106
72 25 76
2 12 627
71 92 510
7 77 438
52 62 299
52 68 417
30 71 214
11 8 885
30 76 372
41 53 900
26 65 182
13 84 439
68 51 86
80 9 675
58 46 659
44 49 430
47 97 153
22 75 219
95 25 514
43 83 999
35 88 527
66 100 10
9 57 472
38 4 216
84 63 334
35 34 236
25 96 895
1 36 10
54 15 350
38 20 847
25 49 475
34 88 444
1 8 164
20 85 852
29 100 10
29 41 929
42 36 272
11 12 353
73 100 734
66 26 721
80 53 635
24 62 418
65 96 380
91 30 203
21 28 268
24 47 975
82 98 219
27 31 512
13 22 175
22 39 964
91 71 356
84 17 293
81 47 645
75 63 830
75 21 535
81 51 954
67 99 420
54 10 961
80 64 298
20 14 918
14 87 10
58 36 998
11 75 82
76 74 674
94 16 190
82 100 10
35 71 383
29 57 510
35 23 283
67 16 387
30 55 683
44 33 345
85 37 379
78 23 724
37 14 501
22 8 585
50 28 164
41 97 591
91 5 565
26 96 231
44 72 443
19 73 921
17 50 339
17 63 916
67 43 292
76 71 414
1 2 304
38 37 472
79 82 482
66 33 357
2 28 465
27 67 527
82 61 612
84 21 231
24 80 729
17 12 320
67 83 833
92 23 495
11 22 923
20 94 693
44 32 644
63 12 280
13 87 86
13 28 903
87 75 389
22 84 728
59 53 486
88 55 884
78 92 955
91 55 23
35 76 882
86 90 918
1 21 415
94 14 369
31 4 179
71 74 128
80 47 228
75 39 807
34 71 7
86 40 644
95 44 164
24 68 443
95 33 48
67 14 461
22 87 932
3 61 126
53 51 74
58 98 503
40 6 212
83 99 722
64 87 10
53 47 906
70 4 895
32 25 362
75 28 206
38 85 65
1 28 915
34 23 536
52 47 619
76 23 129
13 75 505
85 16 159
81 64 840
87 39 515
27 83 707
22 2 535
60 33 146
93 15 847
49 96 85
1 39 865
78 5 796
61 46 694
1 63 765
31 94 571
84 2 950
65 25 867
95 72 499
62 97 235
80 68 807
39 63 1
58 82 480
86 18 227
59 64 848
42 82 119
21 39 329
39 8 33
13 39 418
37 16 959
93 10 245
44 65 744
62 47 943
24 57 636
1 22 905
1 75 127
