100
812
16 14 186
73 21 370
23 77 36
31 79 734
97 39 622
99 27 912
86 44 474
66 32 214
3 63 631
47 16 124
9 41 303
87 8 13
12 75 258
13 44 512
16 57 2
85 41 969
95 25 966
19 8 597
66 27 725
34 50 437
59 86 848
13 59 24
91 88 130
71 88 384
5 94 576
81 94 959
62 81 426
93 32 14
26 79 81
8 24 236
54 100 227
45 90 935
76 28 613
19 74 984
75 4 128
3 81 300
7 25 268
3 17 304
42 100 523
10 88 852
15 92 549
99 100 624
42 93 637
83 8 487
50 31 707
72 96 698
73 17 25
51 2 729
45 64 674
3 14 769
18 86 824
7 67 732
58 40 911
19 24 189
17 65 60
52 56 339
11 92 246
54 29 688
12 65 92
74 80 576
90 29 60
26 2 709
54 46 12
49 50 168
66 93 592
71 5 124
43 87 83
4 63 513
30 89 60
7 83 820
10 75 131
85 21 250
5 10 626
90 46 122
47 14 280
74 53 829
91 81 925
19 40 478
82 88 672
20 75 298
23 32 505
61 64 649
62 14 687
11 2 384
89 57 265
2 33 579
3 16 414
10 81 210
38 75 998
61 46 203
19 18 91
9 5 309
4 16 843
26 68 594
26 37 352
43 44 623
82 73 500
59 24 675
54 77 900
63 41 983
36 95 625
5 85 699
49 92 789
42 72 744
83 18 586
67 25 699
85 65 736
80 24 1
80 8 676
38 84 786
75 85 495
9 14 205
49 15 196
5 84 738
60 36 73
69 30 321
69 57 909
12 82 995
4 84 46
71 41 922
76 37 82
22 95 937
45 72 466
82 63 233
59 78 552
99 23 485
70 8 664
10 62 807
5 17 714
22 70 955
40 53 669
43 8 341
34 92 679
84 41 285
90 93 621
68 37 155
91 17 181
56 92 518
82 84 599
45 46 187
81 14 630
5 16 249
36 53 251
14 21 977
4 41 585
4 65 26
36 44 169
80 43 226
17 81 163
13 67 767
78 95 983
47 91 787
70 87 688
79 55 633
59 7 253
99 35 419
1 7 34
6 15 674
12 21 303
82 21 131
87 53 549
38 3 671
48 41 354
78 25 745
5 65 104
38 14 320
52 33 868
36 86 374
80 40 203
83 40 323
85 88 458
12 62 786
70 18 886
59 40 441
5 62 921
70 95 872
73 14 367
18 95 5
90 77 468
12 91 489
78 24 291
46 77 780
7 43 851
25 44 439
73 48 736
80 7 319
19 53 301
15 2 447
51 49 547
3 91 39
82 85 391
75 63 306
38 94 322
26 98 326
10 85 827
95 43 680
42 32 264
70 44 351
72 57 331
74 18 65
9 62 643
20 81 436
49 33 236
52 37 1
67 87 867
61 72 56
28 37 407
95 58 314
45 35 938
19 36 964
23 90 423
12 3 224
34 15 627
7 58 932
28 98 64
74 24 264
98 37 865
20 84 656
74 83 288
20 82 706
62 41 486
66 39 674
46 35 423
65 88 419
98 33 668
51 33 951
9 88 877
78 40 611
51 76 593
96 77 359
17 48 466
91 65 783
47 20 438
82 10 692
12 88 15
82 38 504
76 92 794
49 79 877
25 53 968
61 27 152
60 78 743
79 33 154
96 89 568
29 57 78
59 70 684
88 41 803
60 44 840
67 40 839
26 50 841
81 88 151
20 63 955
51 37 93
34 2 350
63 81 417
22 43 279
60 95 709
59 67 349
27 100 173
58 24 69
71 10 876
64 39 368
35 27 515
78 70 694
30 77 196
30 27 384
20 17 714
61 77 466
74 8 960
49 11 365
2 37 7
70 58 695
22 7 540
28 2 336
59 8 420
20 12 211
22 58 188
23 57 32
61 66 963
32 57 214
95 86 868
82 14 223
34 6 752
35 100 31
9 17 356
61 39 241
1 58 213
85 63 285
19 44 873
9 48 120
26 11 128
45 66 214
69 89 47
61 90 635
39 57 574
82 4 258
66 89 170
75 65 523
7 40 632
62 48 117
65 14 993
13 70 129
13 36 309
55 2 626
59 95 948
9 71 845
3 48 919
74 36 266
45 97 465
20 3 6
42 35 487
1 83 289
36 43 244
77 57 933
11 31 553
96 93 920
54 23 175
9 91 914
13 78 733
97 35 678
1 59 812
49 68 945
42 89 801
6 33 526
10 48 273
58 8 29
64 27 148
45 42 458
19 43 316
42 96 757
66 77 375
49 31 453
42 66 487
10 16 314
1 13 539
62 73 331
1 74 440
10 38 485
77 89 326
52 92 739
6 11 869
52 68 550
54 30 378
10 91 370
66 57 459
1 16 85
64 46 571
9 81 179
71 3 325
38 4 541
18 24 571
87 25 192
46 29 622
30 46 272
19 70 925
13 22 537
77 100 107
50 11 665
51 79 967
3 88 950
8 25 909
70 24 136
47 71 352
23 30 108
49 56 7
26 76 975
91 94 542
23 46 365
42 30 836
85 4 167
46 89 900
9 84 597
1 87 55
81 41 155
61 97 196
91 14 382
45 93 299
43 53 300
30 96 87
25 40 180
81 48 960
18 43 305
60 83 849
52 31 904
19 60 971
47 9 558
7 86 333
63 88 359
82 3 754
20 16 671
85 16 348
69 96 220
28 15 419
74 22 758
94 21 529
9 82 829
20 71 277
74 7 55
12 41 191
23 72 223
57 100 20
19 78 387
88 48 940
71 82 928
47 63 210
35 96 964
18 44 725
95 67 822
60 8 242
61 69 627
72 32 244
17 63 340
59 87 534
87 86 714
6 76 338
20 38 710
36 58 224
80 44 620
23 64 816
73 94 768
78 36 725
32 100 632
80 36 280
29 77 672
69 29 545
65 48 578
65 16 378
1 25 732
76 56 433
47 65 721
78 67 859
51 52 192
6 68 817
60 43 501
30 97 713
12 71 217
28 92 288
49 55 372
55 92 936
53 44 940
5 3 4
52 55 424
61 30 815
99 72 479
40 44 218
46 39 132
74 44 376
34 79 707
47 81 251
90 100 688
54 64 142
73 91 349
6 92 797
30 32 188
43 58 975
29 32 64
84 63 556
82 81 951
76 31 548
65 41 934
54 93 520
54 57 737
36 67 437
52 50 252
56 33 750
22 86 495
85 84 731
61 100 399
55 98 618
95 40 575
39 89 232
73 63 315
83 87 419
12 73 191
51 56 96
16 41 43
80 59 645
27 57 805
62 88 922
56 28 345
59 53 929
43 40 198
61 32 789
34 28 986
74 58 498
80 67 857
31 68 407
91 41 54
82 62 533
19 25 828
31 55 888
37 33 587
12 81 968
99 32 913
93 100 420
1 19 633
18 8 810
9 16 404
91 63 943
68 33 74
76 11 378
14 48 978
38 85 345
6 79 759
34 76 912
10 94 186
58 25 478
30 90 985
1 40 309
45 100 761
26 33 870
67 86 754
99 89 11
76 98 858
74 78 685
34 55 673
71 63 20
52 49 192
76 49 254
46 97 590
97 27 901
23 69 271
45 27 241
4 21 347
3 94 439
22 78 892
51 55 404
12 16 70
52 76 929
97 57 378
4 88 4
27 39 863
47 84 860
75 48 935
38 17 745
18 58 43
85 48 480
22 53 339
45 23 303
83 36 561
99 93 336
4 81 707
22 67 315
62 63 123
54 32 958
72 27 991
13 18 922
46 57 505
15 55 242
23 97 187
20 41 124
71 17 124
74 40 521
11 68 778
63 94 910
22 59 450
66 100 956
42 99 549
79 2 529
78 87 600
22 40 728
71 73 119
26 52 734
1 70 809
46 93 179
75 73 896
71 14 308
50 55 692
42 90 205
23 66 396
74 59 399
25 24 446
35 72 779
59 44 537
1 95 390
51 92 719
23 89 639
5 48 656
83 43 831
45 77 560
74 70 740
64 69 241
1 36 689
97 66 294
13 40 655
23 100 816
19 13 340
24 44 979
13 8 160
97 72 934
78 83 817
17 84 580
87 40 543
40 24 790
85 14 558
6 49 614
15 37 17
79 37 750
47 62 948
76 15 426
35 77 169
100 57 3
1 57 99
10 3 674
45 57 28
30 35 910
87 44 592
42 97 366
16 100 99
96 100 103
86 53 729
55 37 180
71 65 574
1 78 508
6 50 791
16 48 614
26 28 768
30 39 128
30 72 887
80 95 750
58 53 480
65 94 511
59 83 618
75 84 468
9 21 502
22 36 490
13 86 770
51 68 443
82 65 951
45 32 409
13 80 94
90 97 595
13 53 716
76 2 126
29 66 117
19 7 909
17 14 858
84 81 524
70 25 818
6 55 725
64 66 20
6 37 116
95 53 901
68 15 760
20 21 483
79 92 687
70 83 769
34 11 351
88 14 795
69 35 122
99 97 505
93 89 192
60 18 358
96 32 40
75 17 524
52 11 810
97 93 636
97 89 167
19 87 64
24 53 931
64 77 30
46 72 844
19 95 687
22 80 730
85 91 580
71 48 623
20 9 686
56 79 101
38 73 957
12 84 958
52 15 839
72 100 363
17 41 123
91 16 994
69 46 277
74 67 688
70 43 585
54 35 489
20 62 117
54 97 550
72 93 418
50 28 719
64 29 941
90 35 222
60 53 918
64 32 805
4 14 670
80 18 979
70 40 876
85 17 688
45 69 330
93 39 592
64 30 280
47 88 436
80 25 134
50 37 764
29 39 540
50 92 941
50 79 127
90 72 975
70 53 758
23 35 851
11 28 654
71 94 823
5 91 877
13 60 51
34 33 331
9 94 420
90 39 721
38 91 91
28 79 306
96 66 304
20 5 320
71 75 16
52 79 636
34 31 108
10 14 4
10 41 166
3 62 196
97 96 79
75 91 319
12 14 951
59 58 282
80 60 508
8 53 892
71 38 501
36 24 316
29 89 895
6 51 522
34 56 967
54 39 946
97 32 932
67 24 318
19 22 79
38 62 629
7 53 5
29 27 129
86 24 182
46 100 420
5 4 317
84 88 218
42 23 231
52 28 22
34 51 781
61 23 236
8 40 461
7 78 599
84 16 486
27 89 358
62 91 355
81 16 355
51 31 118
26 51 289
95 8 19
64 57 427
69 100 546
10 17 520
18 25 863
10 84 158
30 100 473
99 64 579
67 53 928
29 93 136
49 28 762
35 93 953
28 55 566
1 53 678
99 39 321
54 66 286
47 12 473
14 41 239
68 98 93
73 41 55
71 81 58
95 24 905
97 100 412
59 36 485
13 24 311
42 64 516
90 57 152
9 4 209
17 16 597
6 28 459
77 93 41
62 85 782
69 32 721
69 72 875
96 39 376
47 10 300
69 27 901
2 92 157
72 39 57
5 38 816
72 77 683
50 33 542
47 17 64
73 81 836
38 41 210
83 86 4
19 58 116
26 31 545
81 21 701
68 2 702
20 73 552
3 85 360
97 77 303
96 57 642
70 67 160
46 66 249
4 48 714
7 44 964
42 39 704
72 66 351
