100
374
88 24 287
55 80 649
81 51 662
24 99 624
4 9 223
52 44 368
56 78 881
2 91 386
74 9 859
5 77 561
33 9 616
90 99 891
25 53 589
50 76 726
42 81 295
1 81 10
62 66 857
21 36 709
63 95 889
62 41 652
52 100 777
54 47 634
53 36 379
15 29 582
74 46 19
88 9 531
62 73 229
74 24 978
44 51 513
88 74 851
44 60 143
70 53 533
29 87 31
3 100 48
2 41 221
65 98 566
23 77 40
50 28 134
1 18 442
48 89 144
90 20 110
90 33 141
28 76 688
48 74 68
63 68 693
89 33 587
40 76 407
65 76 969
14 5 38
17 87 98
7 75 348
39 9 218
3 42 988
27 75 985
19 85 55
2 62 800
71 8 56
2 10 776
81 30 548
25 6 468
25 21 590
10 31 664
21 53 936
5 78 690
25 58 574
48 90 502
89 39 784
25 82 492
66 75 862
63 54 670
7 10 535
87 84 154
40 69 327
53 82 459
63 19 730
4 99 53
87 12 521
49 73 541
83 72 294
91 27 101
35 16 228
48 88 901
38 93 115
71 42 943
70 58 937
59 18 248
13 71 461
45 18 295
18 47 22
88 99 216
38 96 320
80 57 746
88 89 664
1 95 337
40 50 555
17 15 60
93 82 567
15 72 667
65 94 533
59 47 945
81 79 732
42 60 51
40 43 981
89 90 467
43 94 325
75 73 652
98 94 625
27 73 141
22 58 606
91 10 449
35 43 115
12 84 349
22 82 247
21 93 60
38 26 904
49 7 355
64 44 6
74 99 95
52 64 628
71 97 405
52 3 64
25 11 689
56 5 854
18 54 939
44 30 269
37 97 543
34 57 635
40 16 553
17 72 182
49 62 318
96 6 635
24 9 679
61 84 209
7 41 356
82 58 900
67 31 566
61 87 992
1 45 571
26 53 979
79 30 502
7 91 208
87 72 74
26 70 4
19 54 204
28 69 493
96 36 839
89 9 112
6 82 986
59 68 940
37 81 187
90 9 915
37 79 672
65 28 433
25 26 123
95 18 634
91 66 262
65 50 514
26 82 245
27 31 240
29 84 388
63 18 554
86 77 725
60 30 750
17 12 967
96 82 729
95 47 93
50 16 732
67 75 102
44 8 794
4 90 87
54 85 609
60 29 10
38 25 763
42 8 328
37 44 52
56 86 396
3 8 599
37 8 886
52 42 462
81 97 480
20 99 245
51 8 154
71 3 285
27 66 431
74 90 145
22 70 12
31 75 898
63 85 770
39 29 1167
64 3 801
19 68 860
46 100 10
59 45 707
64 97 255
64 81 802
88 90 674
23 78 588
89 74 616
42 100 254
28 98 763
45 47 17
25 96 490
91 75 846
65 69 536
26 11 848
39 33 539
26 22 167
13 3 330
37 60 377
69 98 236
91 31 313
92 80 926
96 58 956
26 36 595
49 66 518
25 70 910
15 12 415
95 54 876
89 46 969
25 93 849
11 6 290
59 54 982
39 90 618
23 56 941
28 43 115
70 96 127
59 95 744
16 43 310
63 47 621
49 27 405
13 60 105
67 41 885
22 36 422
83 87 628
7 66 885
3 51 266
38 6 179
3 30 669
85 68 731
22 96 196
71 79 968
91 41 681
42 30 147
20 46 400
30 51 163
32 86 822
91 73 890
20 9 226
59 19 400
52 81 362
88 46 199
71 60 62
81 100 605
17 83 57
29 12 975
4 33 236
21 82 197
38 53 57
62 75 565
1 25 10
99 9 139
64 8 556
55 92 468
22 93 640
83 12 156
83 84 782
67 66 307
97 30 589
1 70 10
69 94 690
72 84 286
37 42 140
61 12 565
1 63 678
91 67 318
67 73 985
51 100 683
64 79 4
93 96 85
17 84 460
95 85 680
42 79 219
81 39 10
50 94 156
60 100 10
13 79 643
17 61 341
62 31 453
31 73 908
40 94 893
74 20 163
89 24 538
16 98 257
93 53 794
52 60 706
19 18 964
49 91 35
3 97 829
65 16 417
14 32 834
97 8 715
13 64 573
13 100 319
95 68 854
52 79 418
91 62 846
97 79 400
93 36 646
48 99 897
97 44 81
56 32 168
12 72 969
55 57 471
89 99 567
13 44 442
49 67 287
45 95 234
6 58 946
88 39 728
2 75 634
13 97 121
2 73 1
53 58 603
61 29 817
3 79 562
30 100 21
13 42 369
41 75 829
76 98 845
11 53 168
70 39 10
39 74 409
13 30 958
64 71 177
48 46 676
39 99 972
20 24 997
27 62 551
14 86 374
52 37 256
81 60 588
26 21 733
39 46 322
21 22 756
29 100 10
23 5 231
48 9 273
1 68 1000
49 75 25
35 40 39
19 95 472
29 46 10
50 98 552
13 51 417
7 67 776
60 51 233
26 96 920
3 81 898
52 30 50
97 100 359
1 54 105
25 39 10
93 6 247
38 21 823
76 69 129
38 22 920
26 58 138
48 39 220
52 51 609
5 86 443
86 78 755
21 58 557
1 47 677
37 100 719
