100
901
96 28 914
30 89 725
96 5 100
42 67 693
1 60 940
83 30 23
29 87 273
26 47 435
94 49 777
37 82 171
42 11 641
67 25 474
32 11 165
85 43 44
12 79 260
79 14 709
45 6 857
52 70 914
94 75 435
1 51 717
7 72 802
54 57 883
13 5 620
12 48 183
40 26 373
71 47 168
74 78 921
51 15 107
12 18 920
55 100 539
91 80 462
35 14 2
65 2 424
73 23 232
29 30 281
70 6 62
48 33 915
44 11 117
76 98 972
96 38 697
42 3 768
84 73 225
32 50 641
59 88 942
24 64 346
65 83 29
21 67 671
77 99 432
48 79 397
25 57 490
84 57 778
35 88 887
43 89 979
71 25 708
9 37 989
66 49 498
64 72 615
56 27 614
71 50 987
18 78 596
35 12 158
25 100 99
56 53 461
68 2 132
16 14 28
21 26 893
77 23 905
76 89 241
6 19 732
55 5 593
97 87 873
10 59 812
90 21 621
64 93 627
91 57 320
68 43 237
65 49 550
94 76 484
68 30 392
53 41 387
1 30 662
77 26 56
93 72 783
65 81 570
1 83 740
46 19 942
95 13 924
88 27 945
4 50 506
16 41 283
20 56 154
51 68 403
44 26 848
91 42 74
97 30 663
44 7 376
42 40 790
75 87 432
70 58 73
77 3 220
9 38 695
73 40 534
16 45 146
69 37 51
64 67 673
81 87 813
80 26 318
59 58 874
88 78 761
16 52 221
11 71 378
44 92 214
10 18 25
57 47 437
97 43 426
56 59 174
95 63 301
55 22 1
16 46 561
48 58 382
2 87 475
73 72 734
51 61 547
58 53 838
94 29 44
99 31 986
90 24 550
31 57 966
61 2 751
25 92 732
48 41 354
84 72 948
75 2 115
17 28 93
77 47 935
58 41 676
73 93 358
84 32 601
81 2 117
52 59 131
31 92 251
31 50 71
49 76 667
42 73 539
84 24 647
85 94 993
86 42 595
65 97 317
34 87 149
22 82 154
93 67 176
73 92 907
10 41 108
64 40 577
29 89 461
99 93 238
26 92 666
86 57 739
83 75 822
3 92 758
49 15 929
81 89 926
6 41 810
10 74 107
61 87 384
97 89 536
23 67 63
91 23 537
93 71 337
83 98 824
49 51 95
17 8 115
49 68 417
32 73 463
98 30 191
4 57 469
93 3 225
7 54 510
11 50 76
20 58 430
29 15 744
77 80 997
64 21 828
86 21 726
4 36 760
90 25 706
84 71 911
32 26 878
49 89 176
86 71 724
54 64 561
32 67 893
46 39 979
90 4 723
99 32 195
91 50 155
52 53 813
52 27 25
7 26 587
40 50 988
10 6 949
23 80 895
21 3 694
1 98 760
66 87 727
74 19 2
9 5 592
68 15 958
64 57 265
46 58 286
4 23 174
74 70 351
4 93 609
52 10 378
73 21 985
46 41 291
84 92 575
75 98 260
15 89 50
44 24 993
73 50 316
85 2 404
83 76 536
69 82 111
36 92 170
99 36 105
93 23 917
24 36 234
66 75 788
27 33 577
34 98 134
56 45 263
94 97 713
99 21 31
25 22 2
18 14 733
60 87 789
24 32 309
96 82 966
42 92 440
4 80 635
46 59 425
7 99 354
8 62 722
86 31 351
95 100 582
46 48 351
77 71 866
31 47 906
4 72 745
58 78 935
51 75 123
80 57 37
9 8 597
18 59 410
84 23 211
51 76 958
74 88 126
24 31 464
42 93 369
62 100 425
77 32 639
86 47 722
83 87 498
95 38 428
35 58 780
64 23 879
99 26 40
39 41 636
44 21 159
42 50 259
74 33 144
24 92 212
14 58 73
32 64 642
21 31 667
52 78 278
17 63 778
59 78 643
23 31 65
7 73 216
48 27 384
51 34 537
64 3 868
86 67 296
34 61 478
69 96 770
90 99 24
93 57 631
15 76 58
79 70 962
79 19 731
97 15 456
66 29 872
68 81 133
60 98 809
57 26 690
73 64 888
48 6 559
43 98 73
7 90 564
84 11 856
60 2 758
16 39 779
84 36 238
24 80 523
54 92 212
13 100 571
20 41 401
17 55 481
40 47 341
79 58 875
52 58 972
91 99 14
34 43 417
72 26 381
73 47 890
77 86 314
65 51 189
49 98 337
32 21 356
36 72 413
90 72 125
56 88 610
39 18 19
29 76 636
17 69 765
36 11 320
49 81 240
80 92 666
73 67 665
59 53 454
1 89 674
85 34 967
68 98 544
99 92 720
66 68 164
77 64 776
50 57 86
23 11 659
90 3 4
15 61 604
73 3 612
86 11 388
99 4 863
84 21 837
85 61 561
20 53 300
90 91 421
16 33 229
63 37 677
37 100 216
78 19 794
76 61 894
36 50 955
65 68 945
88 58 207
88 41 711
31 72 585
32 25 961
42 26 517
85 68 458
1 22 99
77 73 150
12 27 622
20 79 619
4 73 883
44 80 224
46 88 585
35 33 64
52 45 426
77 92 504
73 26 270
5 82 327
85 98 526
16 79 283
90 23 976
14 27 260
60 43 182
38 82 180
39 70 756
21 80 41
40 80 801
44 40 301
64 31 820
48 53 100
54 47 30
1 85 524
8 22 231
94 98 759
60 97 862
90 67 50
66 89 139
23 92 534
86 4 668
12 70 839
32 31 77
13 22 918
21 25 758
68 61 315
29 2 928
63 13 138
85 75 960
17 82 988
63 38 327
31 71 226
71 26 267
99 54 511
72 80 324
76 30 271
29 68 846
35 45 16
83 61 360
21 93 637
56 78 32
40 72 842
54 93 563
65 89 771
12 88 323
100 22 3
80 3 593
69 13 366
96 62 927
98 87 127
13 62 542
11 3 822
84 47 777
88 19 514
16 18 147
29 81 259
86 90 436
23 57 385
35 46 500
25 26 901
34 76 10
35 48 395
46 14 13
71 80 734
79 27 65
27 78 95
36 71 751
91 26 12
84 67 328
86 93 690
7 47 287
15 87 150
9 62 50
20 14 313
52 6 301
65 34 322
97 98 450
86 50 462
97 81 151
81 76 838
85 87 880
48 88 39
46 27 17
23 3 407
46 79 628
8 37 780
94 89 924
13 28 898
39 6 99
44 54 168
16 58 336
14 41 50
34 30 74
7 50 474
7 31 912
97 51 21
42 21 420
12 74 102
90 54 885
64 92 680
43 30 9
4 40 687
90 32 655
99 25 352
39 45 207
77 21 327
6 78 147
96 55 293
24 26 936
24 23 39
79 6 987
85 89 765
10 79 595
31 25 30
9 13 227
11 47 199
1 68 386
83 2 480
39 52 696
4 71 795
54 23 733
48 70 26
40 11 147
51 98 898
99 23 970
17 38 70
60 83 721
90 11 73
1 66 174
10 14 844
35 59 743
59 45 545
48 59 77
36 31 124
18 45 254
27 45 312
71 3 184
60 76 287
16 48 162
57 3 722
16 53 850
54 32 462
12 56 33
10 88 508
69 8 310
42 31 440
54 21 825
90 47 881
43 61 811
17 95 455
99 3 560
72 92 957
39 59 581
66 83 365
12 33 24
86 72 681
10 27 485
90 92 910
32 71 386
40 25 745
65 61 746
1 29 435
23 50 297
7 67 90
7 40 706
61 89 668
94 87 179
56 6 2
28 100 531
77 72 817
17 13 777
69 55 649
44 31 2
5 28 251
60 66 416
54 67 114
4 92 220
72 57 90
69 9 126
91 67 561
49 61 647
12 53 500
95 5 813
59 19 302
18 58 776
49 43 627
54 72 697
40 31 431
21 92 698
79 88 740
91 36 77
70 14 261
1 2 630
50 92 915
7 93 6
6 33 481
67 80 447
55 82 472
12 20 373
12 39 377
76 2 648
65 43 555
56 33 123
40 92 995
94 34 114
90 93 116
42 72 745
74 59 306
85 49 526
91 25 300
69 5 94
16 27 752
24 73 670
11 72 509
46 70 657
39 10 78
85 15 268
1 97 835
3 47 315
2 98 941
1 43 263
73 80 588
52 48 74
99 80 520
84 91 86
65 29 944
4 54 239
77 4 555
28 38 576
4 21 690
48 18 343
79 45 878
56 41 103
86 91 673
8 13 661
83 81 328
56 70 734
93 26 497
35 39 515
80 47 945
10 53 286
7 92 624
4 47 446
40 67 419
56 18 822
86 92 912
36 23 613
35 19 404
66 94 234
70 27 608
5 62 599
93 11 852
35 74 111
65 30 343
91 31 766
44 84 335
2 89 68
52 41 738
65 94 161
86 24 343
7 57 274
84 64 445
46 10 153
84 7 640
40 57 572
63 8 941
7 4 710
74 14 820
54 26 882
12 52 992
91 54 323
34 75 543
18 70 168
18 79 412
56 58 445
54 80 120
59 6 457
35 56 788
39 19 879
21 47 570
36 67 534
51 43 175
32 23 734
29 43 170
21 11 202
27 41 235
15 75 542
91 72 258
64 80 119
18 33 698
4 11 581
84 42 972
42 57 142
94 15 665
16 19 603
87 30 201
64 50 398
8 82 824
36 47 954
7 42 563
46 53 648
88 33 490
63 69 952
8 5 221
39 33 290
7 11 768
1 34 785
17 37 611
23 47 487
74 41 803
20 74 494
21 72 431
47 92 477
16 10 986
67 26 259
88 6 81
11 26 582
7 3 254
67 72 348
40 3 158
45 33 181
55 62 716
66 43 229
72 25 745
76 87 695
90 57 44
52 74 720
77 90 918
90 40 894
44 42 458
35 79 685
12 14 59
54 31 668
9 82 37
62 38 170
59 79 688
39 27 811
91 24 687
93 25 234
64 47 576
60 89 594
62 22 488
5 22 558
1 87 947
35 52 580
54 42 238
60 75 367
48 14 768
7 21 244
84 80 172
73 11 529
67 50 495
48 74 322
7 71 786
77 31 319
60 29 955
94 30 317
99 42 492
84 54 97
16 6 534
52 33 680
22 100 133
19 33 238
23 71 224
88 53 271
32 3 728
91 3 162
84 31 775
20 88 44
12 6 487
69 22 737
65 87 281
75 30 213
67 31 436
10 70 736
77 25 896
90 36 400
55 8 994
45 19 113
21 23 397
36 32 12
12 59 386
96 9 727
94 43 43
99 11 668
74 56 245
35 41 532
50 3 639
20 70 135
12 58 607
11 80 156
68 34 976
95 8 791
56 14 175
84 99 718
1 25 99
90 80 215
24 71 435
25 80 555
44 47 965
99 64 28
23 26 576
12 19 580
49 30 711
44 25 83
79 33 65
2 30 634
24 3 749
5 38 317
43 76 842
85 29 186
38 37 84
84 90 728
77 36 347
52 56 764
31 11 872
46 52 432
32 40 448
5 100 55
60 94 719
60 34 354
42 32 631
77 7 860
61 98 178
91 73 386
79 53 158
39 88 517
58 45 266
86 40 273
43 87 434
59 33 896
81 30 124
54 3 974
65 75 532
39 48 984
94 68 352
7 24 81
48 45 612
74 79 481
86 3 301
99 40 446
60 30 452
7 64 398
31 26 601
90 73 21
13 38 827
99 47 92
97 2 399
85 51 59
36 73 100
53 78 498
93 80 646
29 51 979
74 53 180
86 54 622
32 93 863
85 66 214
56 79 514
13 82 378
36 57 126
95 82 51
96 22 888
14 78 108
86 36 297
35 6 511
63 100 303
65 76 850
85 81 554
66 30 141
9 22 643
49 87 605
59 70 335
94 81 160
90 50 789
17 5 472
18 19 191
36 25 579
70 33 102
35 78 98
90 71 494
36 3 891
51 89 147
17 96 649
86 23 319
99 57 961
90 26 486
68 89 522
91 93 819
29 75 275
4 42 857
84 40 579
95 9 646
63 62 796
84 26 674
51 2 858
44 91 283
91 4 949
72 50 551
71 57 88
63 96 932
83 43 286
45 53 261
77 57 56
46 45 628
86 26 21
77 42 383
14 53 379
44 57 876
85 97 331
16 59 588
27 53 734
39 74 553
14 88 499
95 28 535
11 25 433
90 42 175
95 96 180
10 58 22
48 78 483
12 10 940
93 50 256
99 71 151
32 47 776
10 48 881
67 11 86
42 47 715
62 82 873
