100
405
46 29 178
84 78 384
90 29 996
19 55 149
2 21 830
35 76 127
45 79 545
82 52 738
54 47 528
58 93 997
50 48 967
38 43 468
11 5 246
53 52 770
16 29 221
1 22 37
58 52 357
98 40 360
4 94 251
59 83 469
57 87 788
69 36 873
46 16 216
77 96 257
12 13 893
68 61 903
57 52 885
59 36 324
24 13 791
82 87 245
24 76 207
7 92 870
75 16 589
72 80 182
25 47 234
38 15 510
41 5 820
59 17 969
53 82 105
91 83 137
81 26 940
74 88 193
35 94 569
94 24 867
56 70 423
45 44 178
24 22 317
16 87 10
69 100 285
15 3 68
49 44 859
22 28 220
41 11 633
8 29 186
19 40 813
84 47 861
58 87 710
57 88 797
57 86 857
57 10 634
16 97 299
72 5 512
1 12 472
45 49 966
56 32 191
81 65 347
76 22 919
94 13 353
41 95 984
2 100 577
27 80 463
82 10 374
94 76 261
3 43 702
98 78 993
20 3 71
98 25 226
65 56 625
55 25 968
93 88 644
1 4 204
74 87 862
1 16 10
85 5 745
18 6 199
34 86 142
42 81 899
4 13 989
33 25 675
10 100 10
36 91 623
54 84 187
40 31 444
55 10 10
64 95 873
57 60 499
52 87 720
7 15 855
53 88 630
34 82 689
20 38 393
33 9 447
61 80 279
19 33 504
53 10 856
93 74 677
56 30 561
19 47 83
50 21 778
46 75 678
69 91 181
77 71 999
85 61 219
68 85 86
92 14 650
23 94 165
53 58 403
67 70 639
55 33 810
17 2 878
41 80 206
4 28 916
82 88 717
19 84 333
37 33 496
33 78 393
84 9 513
36 100 513
24 66 164
60 10 657
1 66 437
78 25 485
12 28 978
72 95 727
62 14 762
36 21 420
1 27 10
81 67 2
17 83 830
11 61 361
99 91 10
88 87 807
34 88 604
26 56 885
64 27 417
45 87 10
19 37 26
18 71 670
53 34 918
85 80 454
35 4 971
17 100 915
55 40 606
42 26 95
99 69 655
48 100 659
90 16 97
99 21 900
59 91 274
84 33 590
58 74 151
36 83 617
58 60 882
54 78 803
88 52 840
58 57 101
84 55 390
90 39 82
1 13 33
74 10 136
90 8 212
37 9 141
4 12 567
69 83 35
89 3 329
2 83 552
58 86 564
51 63 826
59 69 861
55 9 14
77 79 465
98 33 145
85 95 833
19 25 371
91 48 637
23 66 163
17 50 536
65 32 27
36 50 80
6 96 424
12 22 123
87 10 1345
2 69 947
62 92 892
42 56 940
26 70 161
90 97 670
77 6 693
68 41 142
71 49 797
98 31 447
93 60 359
42 32 107
20 62 695
93 82 179
92 43 718
99 83 20
97 29 112
4 76 124
15 43 357
35 23 66
98 37 473
20 89 146
85 41 389
3 14 168
27 5 679
6 44 4
34 58 209
53 86 556
75 97 254
78 47 363
77 44 153
19 98 402
73 51 63
42 67 958
84 25 849
37 25 184
85 27 989
31 47 394
24 28 220
19 9 489
78 31 787
21 48 723
99 100 157
90 75 841
23 28 256
64 11 99
35 13 623
27 87 10
93 52 809
10 34 10
7 38 235
37 31 108
73 71 116
19 31 415
53 87 856
98 55 88
92 15 381
92 38 981
27 95 656
15 14 299
68 27 18
11 80 301
45 71 729
79 71 349
6 79 711
40 47 82
4 24 476
72 61 45
56 67 825
7 3 858
35 66 515
41 27 419
30 70 877
45 51 653
17 69 90
62 38 432
26 32 214
76 28 150
30 32 376
13 66 986
93 87 360
62 43 779
27 11 881
74 82 676
5 80 960
62 89 725
81 56 888
46 97 1
52 10 634
19 78 127
2 48 269
18 51 894
73 63 463
71 51 58
89 43 320
55 78 600
72 11 131
68 95 267
13 76 73
25 31 110
7 14 26
34 57 431
37 47 100
68 80 824
95 61 990
71 63 584
79 44 206
37 78 265
13 28 452
77 51 670
93 10 351
72 68 797
62 15 681
55 31 145
54 98 537
33 40 494
96 51 330
26 30 495
41 61 282
4 66 906
6 71 809
77 49 861
55 47 942
94 28 391
27 61 482
49 63 657
75 8 257
78 40 516
68 5 293
15 89 269
45 96 568
8 97 107
20 7 947
12 24 308
55 100 10
89 14 715
58 82 794
72 64 913
54 55 335
38 89 186
50 100 728
21 83 406
81 30 790
33 31 562
96 63 663
59 100 639
12 76 269
18 63 43
83 100 10
86 10 777
34 100 10
35 12 230
81 70 302
30 67 957
87 10 680
1 23 95
84 40 753
86 87 232
79 73 248
58 10 354
57 74 146
43 14 549
16 8 687
74 60 14
34 52 755
90 46 831
49 51 935
39 97 473
4 23 110
1 94 640
13 22 786
77 73 503
9 25 190
66 28 409
60 87 483
96 73 789
12 66 393
68 11 953
60 82 924
38 3 956
77 63 14
91 21 315
1 28 376
33 47 448
69 48 479
91 100 836
64 5 619
53 93 541
54 33 932
68 64 315
44 51 7
86 60 433
17 36 65
42 65 438
73 44 84
38 14 523
96 49 841
99 50 768
58 88 250
84 31 695
44 63 945
9 47 706
53 57 535
92 89 566
54 31 292
79 63 29
94 22 544
53 74 44
60 88 197
64 61 842
6 49 847
1 45 10
65 67 584
34 60 643
