100
961
59 28 506
17 35 18
45 37 668
64 54 934
27 26 285
57 24 62
69 12 279
24 100 462
5 24 899
24 6 790
48 55 84
59 29 440
87 54 341
12 2 277
72 7 53
78 94 778
5 87 835
43 24 643
59 7 965
75 22 856
43 23 855
4 73 292
100 49 3
9 35 994
49 12 470
61 14 78
39 99 396
45 48 869
53 60 893
78 11 833
83 19 392
53 68 592
30 68 926
72 48 425
76 87 128
76 24 428
55 28 833
21 37 680
39 60 458
97 79 152
37 96 404
21 79 425
87 25 552
21 81 809
72 97 377
75 19 945
45 20 216
21 3 511
54 6 782
1 34 686
16 79 593
77 38 785
37 46 489
33 71 45
58 94 629
27 61 499
40 31 157
17 33 340
13 31 687
67 89 578
3 2 936
26 95 438
37 79 312
63 48 788
23 90 462
21 69 879
63 3 931
55 51 603
5 23 598
8 15 426
57 43 533
48 28 228
84 93 612
29 51 942
84 25 864
76 9 873
84 17 511
3 51 463
90 54 563
30 58 406
91 89 46
37 92 65
25 90 187
55 34 651
21 2 235
27 25 664
89 22 335
13 94 974
64 90 108
24 74 756
98 28 455
4 50 820
37 29 946
46 63 58
70 41 160
81 7 902
30 13 634
13 38 777
2 34 499
92 10 900
5 35 894
27 90 25
65 64 9
21 29 80
42 25 367
87 33 662
93 25 763
87 100 370
21 97 672
11 68 716
43 85 629
45 49 31
81 92 55
45 51 149
84 100 626
32 39 999
83 41 998
48 51 808
1 98 113
23 27 399
37 55 66
81 46 546
80 95 323
24 17 260
21 55 290
20 92 605
57 35 375
63 29 704
21 96 493
53 99 114
82 68 186
25 52 919
45 81 51
53 32 272
5 95 669
15 22 319
67 41 209
24 80 830
1 79 434
65 25 57
80 14 984
42 17 470
59 63 314
17 26 754
84 80 754
88 30 20
88 31 315
43 64 3
46 28 889
45 72 562
92 2 392
43 95 533
57 93 776
43 54 572
45 97 385
46 96 824
1 49 513
1 97 218
43 65 526
98 2 86
69 63 829
44 99 477
81 97 706
35 85 820
13 68 956
50 66 902
21 46 633
49 48 99
11 86 17
1 22 113
18 75 121
1 48 290
60 86 577
20 48 946
24 95 970
31 60 433
84 85 306
46 55 416
98 79 240
45 69 353
55 79 861
1 92 61
97 2 452
7 51 504
23 35 312
69 37 907
12 55 449
59 2 421
45 34 865
87 9 497
72 10 118
42 100 825
43 76 640
53 58 779
49 98 647
86 94 240
24 65 337
42 35 443
27 52 492
14 9 224
89 66 120
42 65 151
14 90 477
85 54 321
72 92 891
75 50 572
38 99 624
65 95 555
1 2 36
59 10 914
53 86 49
63 10 659
12 20 633
43 33 355
56 71 257
49 46 376
18 70 749
54 26 381
16 55 307
40 39 328
25 56 585
64 33 538
25 54 808
88 82 866
40 44 402
93 85 275
18 50 291
24 56 859
35 6 482
47 77 8
69 20 261
14 95 781
79 51 702
46 3 314
76 42 6
96 28 565
80 54 503
93 17 780
33 74 882
77 44 803
16 34 711
25 71 969
23 33 551
40 60 616
76 54 90
12 7 535
91 8 667
23 24 463
69 72 106
5 64 675
91 73 916
24 61 735
50 41 511
90 100 173
61 95 639
5 6 415
24 14 534
78 88 423
87 35 729
61 9 107
65 100 39
54 56 916
30 99 463
87 52 80
9 71 982
67 66 695
91 15 153
46 29 199
81 51 739
36 8 613
17 74 42
72 46 314
49 2 923
80 17 294
27 14 859
72 63 985
83 36 19
33 100 821
7 92 25
16 37 892
91 70 305
12 28 635
76 56 521
93 100 834
90 95 865
23 85 659
43 26 692
40 86 101
1 69 451
8 19 318
93 56 49
61 64 354
43 9 22
84 42 344
59 96 139
47 94 805
2 10 381
21 51 517
49 20 679
62 89 799
33 54 21
80 33 817
47 60 232
87 17 89
76 52 287
61 6 25
46 48 658
42 71 281
80 61 447
40 32 696
54 100 543
60 94 151
24 54 290
27 9 81
63 34 453
16 96 187
93 26 582
27 100 243
43 84 625
87 61 473
27 33 872
59 55 347
11 44 901
65 71 983
24 87 615
21 20 967
20 55 177
83 15 800
5 43 689
57 26 404
83 22 906
87 85 862
18 19 708
96 92 940
36 15 290
80 26 374
31 44 167
17 95 8
27 17 471
82 44 295
70 15 524
24 42 278
24 9 983
88 86 502
31 58 412
1 55 815
98 59 68
87 71 635
71 100 655
14 71 304
87 80 489
91 41 19
24 26 566
4 41 950
20 34 724
56 74 99
85 6 206
42 6 394
62 50 705
45 46 744
66 41 386
4 75 385
23 52 837
46 51 168
21 48 970
37 20 284
69 55 94
57 52 155
16 3 94
76 61 30
47 40 807
96 51 669
90 35 72
31 94 352
78 53 7
42 9 348
61 35 662
77 13 661
22 49 2
8 22 372
56 100 697
93 52 483
98 29 129
81 59 711
3 10 159
20 3 992
8 67 916
8 62 478
30 11 211
35 26 964
14 6 820
45 28 378
36 50 582
57 85 748
24 71 965
32 82 798
88 38 755
83 66 874
33 35 211
36 66 112
65 26 745
75 73 810
1 45 126
26 56 199
88 68 79
64 56 976
55 10 58
17 6 867
5 71 227
61 52 87
4 70 836
82 94 554
80 64 260
38 86 172
87 95 543
57 64 673
14 56 833
47 78 899
98 48 890
81 55 257
20 79 127
45 10 420
67 19 304
45 2 515
27 87 554
72 29 509
1 72 392
43 61 922
77 39 111
1 49 99
83 75 673
98 20 682
40 30 499
5 90 190
80 90 429
88 60 351
42 14 988
65 33 59
5 74 329
77 68 821
91 67 23
48 92 424
5 25 890
44 94 835
87 74 643
49 7 939
28 51 821
32 31 55
85 56 65
47 39 274
2 28 659
15 66 512
30 53 391
42 33 921
3 92 556
16 59 171
12 34 710
12 98 627
43 25 444
77 99 556
84 26 258
16 21 400
1 21 809
76 84 198
77 94 165
76 35 74
84 90 417
88 77 148
62 15 169
61 65 14
98 51 58
30 31 610
45 12 64
47 38 626
62 70 521
60 68 707
33 95 738
12 79 45
13 39 284
62 73 587
82 31 867
23 6 28
12 97 50
47 31 213
84 9 743
45 92 501
80 93 552
33 85 188
36 19 557
61 74 125
98 34 558
69 3 268
21 10 213
43 17 40
91 50 811
78 44 955
64 71 408
84 14 636
97 55 771
70 89 508
53 77 359
14 52 373
86 99 136
84 52 699
47 53 653
81 28 84
25 95 636
67 22 252
57 61 216
30 32 972
68 58 774
14 33 226
18 91 949
4 89 546
16 12 81
89 19 146
98 10 668
22 41 175
81 49 878
12 10 428
69 28 359
45 21 184
76 6 210
5 54 814
96 79 845
39 38 330
57 14 289
81 63 486
4 22 487
3 55 693
1 28 607
97 28 876
7 28 597
1 59 219
12 59 61
5 76 567
87 90 676
87 56 95
72 51 827
36 89 575
21 92 213
85 74 301
98 63 261
76 14 62
28 29 785
4 62 327
60 44 166
16 20 583
43 100 662
98 96 774
24 35 282
97 59 517
70 50 618
30 94 557
47 99 616
80 56 789
49 28 364
57 5 323
11 94 444
31 68 525
14 64 676
83 89 698
69 97 557
36 4 178
48 3 383
59 34 202
65 54 393
50 89 27
47 11 234
48 79 432
88 53 651
75 66 76
54 95 833
57 33 395
5 33 715
80 9 116
64 6 103
79 29 565
98 97 155
61 42 419
97 37 572
95 74 765
97 7 798
33 56 40
89 73 832
17 52 22
7 34 674
72 2 417
77 11 663
7 2 848
85 71 723
53 39 190
20 10 247
69 92 776
69 10 295
84 61 924
45 59 658
25 85 746
96 55 519
49 63 227
61 90 724
11 38 831
14 35 875
72 79 969
85 52 842
36 62 769
83 4 654
57 54 760
23 100 696
17 54 309
86 58 865
72 20 521
81 29 644
1 96 621
54 71 166
37 28 349
30 39 713
66 22 426
72 96 329
84 6 33
25 100 581
55 29 556
72 28 686
57 17 135
61 85 955
2 51 1
29 10 782
24 52 123
96 7 933
57 80 96
27 93 498
1 7 512
80 85 804
84 23 649
81 20 60
42 64 455
75 89 444
47 30 230
43 14 740
43 6 710
13 60 330
4 66 195
23 17 215
64 52 177
72 59 605
70 66 464
66 73 799
36 18 786
61 25 131
40 94 770
45 3 467
88 13 873
27 35 484
42 90 532
9 54 588
85 26 647
69 96 454
12 29 754
64 100 134
82 86 623
18 67 683
79 10 731
24 85 181
53 31 738
83 50 957
6 26 544
8 70 565
15 41 895
76 90 490
60 58 118
9 95 23
16 48 571
19 73 941
5 65 829
24 93 431
49 55 635
98 55 994
15 89 933
43 80 304
90 74 331
49 3 858
34 51 916
42 52 886
77 86 64
80 35 425
37 48 602
57 23 655
69 2 143
53 11 997
6 100 382
1 3 873
90 26 881
86 44 295
97 46 182
42 56 714
97 63 51
16 69 916
6 71 715
23 9 742
59 79 271
16 29 23
46 10 889
81 34 819
75 15 102
23 71 291
21 49 986
61 26 929
38 60 652
84 35 660
92 29 104
64 25 425
50 19 266
15 73 471
5 17 362
26 52 414
17 85 354
2 29 321
52 100 964
17 71 959
46 34 729
57 100 710
77 31 341
25 74 334
64 17 305
27 6 104
93 54 648
11 58 108
49 10 757
96 63 90
84 24 447
42 26 909
22 73 381
33 9 860
92 28 372
7 3 734
50 22 941
61 56 285
26 100 843
1 81 902
20 2 196
83 8 982
81 2 487
12 48 526
23 25 867
78 68 242
93 42 192
63 92 988
91 66 561
22 100 99
20 29 883
71 95 283
1 16 567
12 96 553
90 9 409
65 52 315
3 29 517
78 82 12
84 56 950
90 52 978
84 54 777
23 65 720
35 56 539
67 50 26
65 9 520
69 48 770
93 95 889
33 52 392
57 87 80
18 15 888
32 11 668
76 95 953
24 90 805
75 62 247
33 6 854
5 85 265
64 95 998
57 76 307
23 54 336
10 51 801
30 44 210
23 93 391
90 85 824
97 29 25
45 96 197
75 41 458
48 34 104
46 2 603
23 80 353
93 65 160
82 38 964
67 73 547
64 74 986
92 51 304
84 71 847
12 46 997
46 7 961
12 3 524
97 10 752
58 44 683
9 26 209
35 95 814
98 46 108
37 3 964
53 82 132
78 60 904
53 44 812
83 67 691
57 84 302
98 92 65
39 11 943
40 53 792
17 90 769
54 74 861
87 26 419
94 99 463
8 73 341
23 42 192
49 34 736
91 62 359
52 74 378
85 95 381
80 25 262
47 44 664
9 74 208
96 48 831
8 41 73
88 99 933
78 58 504
84 65 664
14 54 76
93 33 160
80 52 391
88 11 154
78 30 622
5 80 812
76 33 812
43 56 668
32 77 94
30 60 452
97 92 891
37 59 339
69 49 19
84 27 343
75 70 297
39 68 741
90 56 760
27 74 618
70 73 281
4 91 384
16 72 333
46 92 292
16 97 545
47 13 726
35 52 959
75 67 817
96 10 397
16 81 370
12 92 900
40 38 751
16 7 923
10 34 644
76 25 819
5 52 178
45 79 377
4 19 907
6 52 596
12 37 248
16 92 7
32 44 507
30 77 927
27 80 307
38 58 22
45 29 682
72 34 945
71 74 279
93 90 391
69 98 493
64 85 261
72 37 845
38 94 689
63 28 90
20 51 114
18 62 531
88 32 397
37 63 560
70 67 145
56 95 322
45 55 713
7 10 240
57 90 678
47 82 982
21 59 935
69 7 702
62 66 974
74 100 143
27 71 805
46 20 861
43 71 47
18 73 678
76 17 241
87 93 143
28 10 55
92 55 271
76 27 781
47 86 549
69 34 550
78 40 173
45 7 101
43 35 28
14 65 427
83 91 488
96 34 202
39 58 524
38 68 321
97 48 685
78 32 24
31 86 637
23 87 846
17 56 257
81 98 813
72 98 103
76 93 161
87 14 398
59 3 244
81 79 241
65 90 308
81 37 167
88 44 103
43 87 927
79 28 26
97 96 761
14 17 714
96 3 555
7 55 961
62 22 606
42 74 701
32 60 784
63 2 148
5 26 364
98 3 487
36 22 693
17 9 403
39 44 317
76 100 281
30 82 444
19 41 568
8 66 658
57 6 565
37 34 317
26 71 713
47 88 629
65 17 79
11 99 755
20 7 599
91 22 395
90 33 316
93 9 117
40 68 287
78 86 621
14 85 351
97 20 94
