100
454
61 47 358
52 54 416
86 12 877
2 12 201
65 60 976
33 73 619
17 5 508
69 3 351
27 95 126
30 3 268
45 3 336
8 40 562
15 47 890
22 100 315
20 90 775
4 62 489
53 41 379
74 41 99
49 100 186
66 12 591
5 3 323
69 57 572
83 5 936
1 97 10
76 45 618
59 16 377
93 88 82
91 3 674
55 96 286
64 46 791
22 41 230
91 57 850
52 24 738
85 29 860
56 89 918
71 45 732
83 76 273
14 34 120
35 62 490
30 76 595
31 6 286
18 84 295
67 54 267
48 62 751
83 57 1000
32 42 278
26 7 369
14 7 494
99 5 137
83 45 520
94 75 82
53 94 761
28 64 869
36 64 841
30 83 171
79 84 84
94 100 940
52 13 747
26 21 193
52 12 872
20 11 541
48 4 727
54 2 108
76 3 227
24 25 221
62 64 526
22 8 846
69 45 420
74 49 10
74 100 10
49 100 10
92 100 83
99 3 920
8 94 769
71 30 896
86 15 997
60 6 557
66 86 267
28 80 847
22 53 539
67 13 814
56 34 390
25 39 309
59 88 348
66 51 321
84 81 459
50 6 877
13 2 801
4 36 841
45 57 881
71 3 687
67 86 968
27 38 142
17 45 855
17 69 768
82 62 903
51 47 882
39 15 731
51 24 464
97 98 947
66 39 473
23 12 19
39 12 161
16 88 694
40 90 857
30 45 994
58 6 10
95 69 76
78 57 697
2 39 130
48 46 303
1 94 10
21 89 211
19 93 241
27 99 317
29 10 997
29 58 532
71 5 562
11 41 73
28 46 486
18 42 458
51 12 12
70 37 390
44 29 822
30 5 507
65 29 989
25 47 911
74 100 434
75 49 627
33 37 56
87 31 247
99 38 712
34 89 979
74 90 727
4 28 326
76 57 275
13 61 962
50 44 651
51 15 944
1 37 379
92 41 158
71 17 638
23 86 419
4 46 20
61 25 667
55 93 360
55 88 597
60 58 26
59 55 890
17 38 372
8 90 608
26 14 524
99 76 529
36 80 214
94 49 473
17 83 83
71 69 648
53 75 442
14 89 105
94 87 10
51 52 884
53 90 438
87 43 502
52 2 777
32 18 227
23 47 909
40 20 59
93 98 63
1 25 10
87 74 1523
90 100 948
97 9 301
71 91 385
28 36 150
91 5 108
51 2 880
66 2 43
5 45 43
92 94 244
79 77 380
11 100 362
23 15 94
19 88 626
25 12 34
86 47 345
31 44 786
53 49 854
71 78 242
59 19 129
8 53 719
93 96 787
24 39 91
24 47 623
55 9 763
66 23 778
8 92 267
54 25 132
65 10 174
60 44 859
78 99 103
67 24 743
52 47 527
72 35 243
30 17 834
17 95 516
22 49 200
24 61 552
51 86 995
8 20 35
95 5 687
63 55 960
86 24 786
27 57 761
35 28 4
78 3 752
59 93 923
83 3 844
8 75 878
69 5 195
84 42 837
44 58 875
60 29 714
8 11 899
4 80 817
16 96 985
35 82 303
27 45 877
47 12 729
50 29 901
63 16 739
95 57 575
63 97 412
91 38 793
22 11 84
44 10 458
48 82 593
91 76 418
21 34 866
40 74 916
16 98 914
17 57 776
40 94 186
72 28 77
21 14 627
65 87 614
74 94 880
23 2 732
40 100 791
20 41 667
99 45 84
31 58 720
20 100 10
32 84 650
4 64 766
87 44 388
67 2 894
86 39 6
67 52 815
94 90 509
24 15 738
29 6 161
82 64 827
78 38 276
36 82 69
87 50 339
54 12 3
48 35 103
30 78 777
33 70 518
85 44 335
71 83 231
35 46 615
32 77 16
50 10 906
40 11 177
88 98 846
4 35 352
64 80 558
38 5 327
97 87 10
60 50 700
87 6 619
51 13 868
78 45 881
40 41 398
22 75 804
86 2 372
4 82 391
99 83 531
66 15 339
18 81 749
38 76 236
63 96 352
13 15 309
30 27 299
18 77 675
23 67 184
96 98 557
69 83 193
58 10 187
23 13 617
27 91 866
27 69 95
40 49 124
85 43 90
60 43 974
82 80 444
23 61 384
79 81 704
37 73 660
9 98 601
38 45 543
13 24 874
71 76 261
61 12 841
85 6 960
82 46 794
34 7 728
72 48 829
13 12 4
27 83 842
28 62 50
22 20 320
10 43 581
79 32 908
92 90 828
44 6 705
2 47 942
90 49 533
87 29 855
20 94 655
63 9 678
26 89 486
77 81 230
15 12 407
55 19 894
20 92 370
68 26 629
99 57 152
95 83 370
23 24 483
63 93 510
61 2 481
86 54 596
50 58 348
61 15 961
32 81 461
70 73 982
67 61 886
91 69 867
16 93 256
40 53 872
97 55 323
35 64 522
44 43 58
72 82 303
67 25 206
6 43 2
36 46 933
16 97 377
31 29 827
51 25 432
48 36 689
25 2 770
65 6 470
40 75 351
95 38 757
68 89 405
23 25 45
72 62 39
19 98 382
24 54 74
8 49 231
50 31 527
23 52 723
1 73 445
23 51 838
13 25 923
72 36 766
27 17 625
66 61 154
29 43 50
17 99 647
68 21 592
53 74 692
74 49 18
53 100 356
48 28 803
22 90 324
76 5 101
48 64 365
94 41 467
92 11 209
61 39 782
11 75 550
95 3 851
60 85 745
52 39 587
91 99 27
16 55 35
85 87 422
20 74 10
71 38 347
95 45 904
6 10 932
78 91 262
75 41 471
59 97 675
66 13 326
65 85 763
53 11 358
60 31 614
86 52 109
16 9 513
90 41 44
17 76 632
91 45 35
17 91 170
75 100 984
79 42 948
84 77 100
23 54 396
51 67 779
95 76 449
13 39 210
72 80 965
8 74 911
71 27 197
40 92 329
86 61 954
92 49 407
50 43 980
68 56 212
28 82 200
36 62 262
23 39 121
66 24 151
58 43 943
55 98 579
87 10 810
88 9 546
30 91 799
42 81 395
7 89 487
65 58 504
60 10 161
1 70 301
53 92 832
25 87 10
72 64 294
27 76 31
97 88 598
30 69 311
93 9 189
