100
986
2 62 685
45 22 307
75 51 494
35 81 752
45 70 675
86 80 101
79 30 618
2 21 804
8 84 513
76 86 213
7 100 562
64 50 853
64 91 420
46 57 81
65 51 481
45 83 128
1 40 570
22 69 662
85 98 651
39 65 675
85 6 856
92 42 724
41 27 421
92 32 347
54 79 303
87 47 698
64 38 861
49 26 341
79 80 618
68 40 149
57 20 538
93 37 635
31 53 550
81 30 458
68 96 148
8 25 850
56 27 171
64 55 242
5 80 834
25 36 888
95 36 871
49 38 65
70 89 284
18 13 985
68 79 500
70 23 325
91 24 288
55 88 474
33 65 700
15 60 890
31 42 704
87 55 827
32 34 533
32 42 153
39 51 122
45 27 395
23 83 693
32 28 889
63 24 497
21 97 451
38 25 531
91 55 126
91 87 30
49 60 417
35 5 410
45 41 647
36 100 208
54 82 791
62 48 501
16 61 953
87 24 603
10 83 52
72 96 759
56 10 338
71 57 124
31 61 876
18 94 597
85 32 56
41 74 80
21 62 79
26 97 227
53 42 820
54 5 308
87 48 173
68 90 451
91 48 688
6 13 506
60 88 955
71 89 412
1 96 112
47 11 810
45 89 738
60 8 785
56 23 246
41 12 224
63 55 912
86 82 714
6 53 652
29 37 171
50 97 349
92 98 634
59 88 408
27 20 810
1 72 975
80 3 954
72 39 444
5 14 86
1 39 173
17 57 954
87 84 97
31 66 20
52 36 192
12 69 306
13 31 951
60 11 523
81 14 973
73 13 60
73 92 327
41 23 380
60 24 700
75 54 356
59 62 481
47 84 279
82 81 384
60 62 513
92 16 146
94 77 187
81 51 62
88 24 208
64 15 388
83 69 480
94 32 668
20 69 330
22 71 470
85 53 546
22 57 772
60 47 440
14 51 63
72 14 923
40 96 88
35 30 507
37 67 234
2 24 349
50 36 892
18 6 102
75 35 778
44 43 46
92 77 9
11 100 759
1 86 618
2 8 307
73 53 382
73 61 425
27 83 266
77 28 738
22 46 834
64 36 723
89 37 130
16 32 500
65 14 472
79 14 539
72 76 224
71 83 692
73 31 505
55 8 59
33 3 45
1 3 704
64 47 628
70 37 91
1 75 279
91 88 84
71 23 288
84 48 780
88 48 68
23 27 704
15 62 430
71 93 915
21 100 528
81 65 258
90 3 690
46 20 22
72 82 142
4 28 770
10 41 590
29 70 951
45 57 430
9 53 256
62 25 945
73 18 4
67 20 751
18 42 665
29 57 280
70 27 7
89 83 293
14 96 502
99 31 857
92 85 498
64 2 379
80 51 916
2 48 917
2 7 534
33 96 919
11 97 258
26 62 875
60 52 33
83 67 516
49 11 814
45 29 89
78 67 448
16 6 301
5 40 91
38 8 5
32 98 280
13 53 899
98 53 707
87 8 256
39 86 417
91 8 507
29 69 72
91 21 429
9 61 96
62 36 568
18 32 254
46 70 617
6 28 600
15 59 508
44 28 462
99 42 968
75 30 459
26 48 625
61 43 869
44 31 490
94 61 260
88 100 842
47 97 791
3 40 270
19 6 26
85 13 283
2 15 440
63 84 831
71 10 26
99 34 109
86 5 606
4 13 867
96 51 258
56 71 758
95 59 975
29 27 948
31 58 200
64 26 44
29 10 413
16 9 67
22 23 123
1 76 541
98 77 91
60 59 984
12 20 119
17 83 910
57 74 575
47 55 743
39 3 35
44 66 656
93 83 459
55 38 767
45 69 418
75 72 211
60 50 880
52 55 307
68 51 422
27 89 314
22 41 932
82 5 255
64 48 808
2 26 562
47 38 575
63 97 94
49 7 564
57 83 135
95 60 687
23 37 409
46 37 512
68 5 379
54 33 128
98 34 978
29 20 734
92 18 175
22 78 93
8 50 318
71 17 728
52 25 66
21 24 452
45 78 991
16 58 926
88 36 72
94 6 646
4 61 162
18 19 611
26 11 84
78 12 959
38 50 623
42 34 985
5 90 683
91 52 651
46 93 74
91 50 168
93 20 753
61 77 826
85 42 354
73 98 917
54 90 258
56 69 237
2 25 273
82 14 35
26 25 685
58 53 2
99 43 189
87 50 330
72 51 381
72 33 990
56 22 836
8 48 170
87 11 745
39 40 715
56 17 562
15 84 136
92 43 330
94 53 483
49 47 880
68 14 386
76 51 21
10 27 504
92 44 957
73 4 495
33 5 934
88 38 80
18 16 575
53 66 80
92 31 372
86 40 147
87 59 648
56 41 255
63 7 155
98 31 345
39 35 101
17 41 746
4 43 745
72 40 94
59 24 909
52 8 679
34 66 791
95 49 162
46 71 443
2 91 742
52 62 115
52 7 498
68 86 714
64 52 715
38 11 866
23 89 124
41 69 653
84 97 210
56 12 825
64 49 619
60 97 801
49 84 650
18 61 782
76 96 182
87 15 347
80 65 116
35 96 146
49 24 195
24 48 576
44 98 344
52 48 953
33 51 223
39 5 431
39 14 142
53 58 725
62 84 415
47 21 412
87 97 404
17 27 993
2 63 483
86 65 598
38 84 871
59 21 26
15 38 568
93 27 34
64 24 576
11 48 143
16 28 160
17 10 657
10 89 397
73 28 80
52 100 319
85 61 266
9 34 283
63 36 881
48 100 15
87 100 986
47 25 319
45 17 816
55 11 943
95 11 712
72 65 661
25 97 436
15 25 233
61 28 492
15 55 482
95 48 596
94 28 192
29 41 18
92 6 237
73 94 485
57 12 754
87 25 343
40 14 829
73 58 633
75 79 156
91 95 867
36 48 835
47 7 163
56 70 327
49 50 661
47 100 264
52 24 454
17 37 78
83 37 450
38 36 794
22 10 298
60 7 399
4 94 599
9 28 140
49 63 574
59 38 907
45 67 106
53 28 985
16 85 16
91 100 937
97 100 700
55 36 36
52 63 414
88 7 540
58 66 351
93 10 926
70 41 110
86 3 794
91 11 218
1 79 700
47 50 222
52 88 457
63 100 222
15 97 673
15 50 673
27 69 658
91 25 422
57 78 424
22 17 700
87 95 45
54 81 495
84 36 79
7 36 27
70 74 986
4 16 881
95 100 900
47 24 869
18 44 906
18 34 809
16 94 604
57 67 797
16 31 707
99 13 533
80 40 469
94 34 865
91 38 437
46 78 995
35 82 922
95 84 135
77 43 6
8 24 146
33 14 972
87 49 981
64 11 939
10 12 706
44 61 767
75 80 995
61 34 564
89 20 966
70 12 839
90 81 565
71 69 657
13 61 55
70 10 994
52 38 763
54 96 926
70 93 295
82 40 459
88 62 880
38 100 250
92 34 175
64 84 459
56 78 985
59 97 505
52 50 672
54 40 536
18 98 824
35 80 767
47 59 231
22 67 419
99 66 625
22 12 942
29 71 977
2 47 146
2 60 981
56 93 721
45 10 511
52 21 580
82 80 280
89 69 979
53 43 472
35 76 706
41 57 582
84 24 719
46 10 523
85 9 595
16 99 409
92 58 838
95 25 102
72 35 634
38 97 128
78 89 67
15 7 873
58 100 99
27 67 166
87 26 94
68 76 280
64 63 664
63 62 227
93 23 32
18 43 405
25 24 687
18 58 449
49 25 708
13 77 351
49 59 745
75 5 808
63 11 778
76 3 35
46 17 291
52 97 15
81 96 597
9 32 884
91 36 731
2 100 283
33 30 48
54 68 197
70 78 476
26 50 194
88 21 989
91 97 76
59 36 823
71 27 284
22 27 729
18 99 856
17 67 483
42 58 92
76 14 153
98 42 190
3 81 115
26 100 864
2 49 826
77 66 292
95 26 717
99 77 252
53 34 828
79 96 477
72 68 725
60 100 966
19 43 727
16 43 281
15 8 568
59 50 540
34 43 518
86 14 935
19 32 179
77 42 940
95 21 336
49 100 378
26 84 762
46 12 62
82 51 378
72 79 571
27 37 182
100 53 3
19 44 922
1 51 780
94 13 80
95 88 298
63 21 958
73 66 924
64 25 911
35 65 930
1 35 310
65 96 473
19 58 993
60 26 543
21 26 770
21 84 581
16 13 89
5 81 460
49 15 363
22 37 593
88 50 625
80 81 187
23 69 92
16 66 64
7 26 626
7 25 283
39 96 616
71 74 245
23 78 887
9 94 280
30 65 562
9 98 600
6 44 748
1 58 127
68 65 444
15 88 325
91 60 749
46 83 101
44 58 738
39 30 283
6 43 989
82 30 612
9 42 150
61 58 138
79 51 557
59 8 79
95 38 989
60 25 379
39 76 918
84 25 394
29 17 320
16 19 177
1 53 99
70 17 447
60 36 386
9 31 661
55 26 851
4 58 818
4 85 583
46 41 467
71 37 998
95 55 690
57 69 222
71 12 512
10 57 643
25 100 38
95 7 781
88 11 194
35 90 399
32 77 960
5 3 194
41 20 857
49 8 799
80 30 415
15 47 890
46 27 123
67 12 529
19 53 671
98 66 180
55 100 756
68 30 192
10 37 736
18 28 129
99 58 477
58 28 210
93 12 71
15 21 109
88 26 118
76 81 512
35 33 70
73 34 726
21 7 821
32 58 255
17 69 745
82 90 977
11 24 959
95 8 452
72 5 625
50 48 153
18 53 839
5 96 556
54 30 522
45 71 925
36 97 71
31 43 505
37 12 769
54 35 592
86 51 655
62 50 442
24 97 99
73 9 953
56 89 235
73 43 632
95 97 452
93 69 350
90 40 35
45 46 199
2 55 285
10 23 553
9 58 114
67 74 781
71 41 650
22 93 921
4 44 411
56 67 916
95 63 295
35 86 938
1 33 249
31 34 992
79 33 145
85 28 985
72 80 44
95 15 341
6 61 552
41 37 76
15 48 191
22 20 222
91 47 355
15 11 307
59 25 383
54 14 347
98 99 258
32 13 96
72 3 181
92 13 298
32 53 593
26 36 913
59 55 792
71 20 995
94 19 930
80 96 712
4 19 956
79 3 183
68 3 247
62 24 395
2 36 530
79 5 126
43 66 365
44 53 286
17 23 30
28 34 470
21 8 89
21 50 789
32 43 717
85 66 910
98 58 390
75 65 330
93 89 582
78 27 22
15 24 711
75 76 470
94 43 293
54 51 123
46 89 758
44 42 464
49 48 731
95 24 281
42 43 659
54 76 195
31 77 344
83 20 28
88 25 674
12 74 747
78 37 869
87 36 721
61 42 812
26 24 930
94 42 528
62 97 833
29 67 105
13 42 617
21 25 25
73 16 26
79 40 756
73 19 90
41 67 410
7 50 274
75 68 106
76 65 81
32 66 314
4 6 260
72 86 219
4 31 501
46 23 369
92 28 375
1 81 724
60 63 957
99 28 684
85 44 606
39 79 875
16 98 889
87 62 696
88 8 653
82 3 922
63 88 530
33 81 810
4 42 605
89 74 861
32 99 48
1 14 609
80 90 346
49 36 476
9 99 938
35 40 354
45 20 832
23 57 81
98 13 384
45 37 812
76 80 194
44 13 630
29 74 840
1 80 676
19 98 726
39 81 912
9 66 115
39 82 681
85 34 28
75 86 620
28 43 352
63 48 245
45 74 225
16 42 850
56 29 360
77 53 523
55 25 302
78 69 353
64 95 748
46 67 587
17 89 268
79 35 854
90 65 144
9 6 173
62 11 182
29 46 228
22 74 710
19 34 919
8 11 506
30 96 269
22 70 299
91 7 103
19 28 460
29 83 771
18 66 507
54 72 879
30 51 170
7 38 781
59 84 17
40 65 257
56 20 860
94 66 657
44 77 363
19 77 442
78 74 976
70 20 730
44 34 602
49 97 996
2 87 818
41 78 139
7 24 176
47 48 152
81 40 679
5 30 678
92 9 960
59 11 186
57 37 269
6 34 612
71 78 771
6 32 423
64 59 692
63 38 181
46 69 231
3 65 25
89 67 46
10 20 869
19 13 311
73 85 509
37 20 532
93 41 538
29 23 546
90 30 578
95 47 45
92 53 340
83 12 704
60 84 858
46 74 631
73 44 206
11 36 994
29 78 825
93 78 199
98 28 45
59 7 336
3 14 102
39 80 536
35 14 530
61 53 40
40 30 278
94 98 952
94 31 538
60 38 207
56 74 295
72 90 471
71 67 9
19 42 536
75 39 175
9 19 405
4 9 6
1 54 29
67 69 741
16 53 507
94 99 218
29 93 732
60 48 881
90 51 713
24 36 290
38 62 822
2 38 711
54 3 732
7 97 376
1 5 823
79 82 364
60 21 111
91 26 276
95 62 423
64 8 293
68 39 121
13 66 528
18 85 729
85 31 447
70 67 319
17 78 967
8 97 23
91 59 755
89 12 670
6 31 545
20 74 673
64 62 99
57 89 53
1 30 519
26 8 234
55 21 262
35 51 556
68 82 666
64 60 483
15 63 271
41 89 38
40 51 385
73 42 681
91 49 858
68 35 761
98 43 944
15 26 214
70 69 210
49 55 615
11 50 761
86 90 170
2 59 773
2 88 470
13 28 447
4 98 784
56 37 489
92 61 786
47 63 47
82 96 608
24 100 602
79 65 728
55 62 375
16 77 859
95 50 531
4 32 645
91 15 495
50 25 610
7 11 924
98 61 82
8 100 626
