100
473
8 76 886
33 97 770
1 21 874
60 90 126
71 16 310
10 35 541
34 69 497
84 66 10
77 43 517
85 76 425
31 25 465
52 39 120
17 34 400
88 33 546
58 97 856
2 81 825
66 33 489
43 64 179
14 4 190
6 8 763
48 35 944
46 13 389
23 43 349
26 11 627
36 97 25
65 34 120
46 39 468
37 49 28
1 93 60
54 96 582
3 96 254
6 53 18
90 76 958
6 82 558
26 4 746
68 34 581
45 88 808
89 97 582
26 30 461
82 8 320
63 8 990
32 43 382
32 5 262
5 9 754
99 42 551
20 10 887
7 16 788
32 64 131
36 62 390
65 17 876
55 27 304
19 30 106
41 91 336
1 50 357
82 100 94
68 39 807
14 28 846
2 32 147
46 99 365
32 81 821
77 51 896
63 57 598
34 99 735
19 28 391
26 24 467
60 53 225
65 68 489
59 100 10
82 76 835
78 29 207
48 10 325
79 56 480
63 53 159
32 87 359
78 94 905
36 94 559
47 91 814
10 25 661
83 51 237
26 59 466
48 40 561
6 85 812
88 94 492
2 87 85
24 28 572
69 42 963
85 47 265
41 63 916
23 83 173
68 13 967
17 69 195
98 93 372
3 73 699
88 36 427
1 26 10
98 92 239
82 91 221
47 100 848
63 90 925
26 66 10
2 9 79
89 45 90
95 75 71
11 59 453
24 59 560
99 39 763
4 30 867
18 72 4
23 2 413
78 33 4
43 83 766
67 32 858
60 57 393
26 75 388
99 69 574
8 100 16
37 72 447
63 82 386
53 90 247
37 22 552
67 81 628
85 100 27
46 69 559
24 75 663
50 21 236
59 75 693
37 59 10
53 76 507
52 13 922
80 78 719
6 57 160
91 90 949
43 81 507
36 66 123
77 81 360
15 21 365
89 33 427
73 40 598
58 29 683
45 58 542
52 38 142
40 96 674
49 72 23
77 67 83
2 64 808
66 29 461
74 44 607
91 8 544
7 56 299
92 86 479
35 25 305
70 27 614
6 90 642
38 39 688
73 96 862
52 65 575
60 91 401
3 55 946
20 73 587
52 42 475
74 16 736
41 85 756
82 90 272
18 22 323
52 69 969
37 18 597
45 36 19
85 60 780
77 23 394
26 14 124
34 13 550
48 54 865
94 97 441
67 87 826
65 69 776
71 12 543
23 9 128
1 92 541
35 27 431
11 14 772
31 96 13
91 76 1
20 55 501
41 76 903
66 94 39
62 84 862
43 9 772
48 27 547
89 58 9
70 35 768
61 86 772
24 30 799
46 17 599
85 8 662
59 28 379
20 48 806
5 64 50
17 13 973
80 29 702
85 91 875
29 97 786
20 27 944
91 53 802
74 12 744
81 51 521
98 50 905
77 2 448
81 9 826
41 53 705
92 93 822
20 3 901
6 100 36
28 75 319
62 97 404
77 9 551
70 54 760
47 76 299
10 96 907
58 33 554
80 66 773
13 39 155
55 40 385
85 57 593
11 30 931
19 4 398
70 96 911
89 66 844
5 87 531
89 94 981
74 71 685
61 93 239
70 31 980
41 8 533
23 5 713
36 29 870
94 62 150
89 80 864
23 51 134
71 79 458
88 66 109
20 70 859
16 56 882
2 51 849
82 57 935
49 18 351
17 99 718
43 5 123
41 47 953
84 33 18
58 36 533
32 51 761
46 38 587
61 92 746
45 78 587
88 78 550
41 90 399
2 67 555
77 64 341
20 40 43
80 88 488
80 62 995
6 63 920
95 59 471
4 75 120
55 54 845
6 76 378
82 60 885
84 97 372
9 87 852
88 97 870
25 40 623
45 33 780
69 39 24
70 3 195
9 64 356
68 38 600
24 11 953
54 25 393
10 40 942
41 57 676
19 11 188
48 73 512
88 62 930
47 82 798
40 37 10
63 60 993
35 40 678
45 62 876
70 48 869
48 25 774
50 93 265
6 91 606
36 78 633
3 31 281
57 91 189
77 5 86
2 5 928
95 28 774
88 29 288
11 75 892
35 31 135
58 66 999
52 34 384
66 62 952
25 96 180
27 25 69
60 100 747
23 64 668
89 78 45
52 99 929
78 62 432
17 68 701
45 97 884
74 56 838
83 87 80
20 35 351
34 42 956
67 9 522
66 84 370
27 96 882
85 90 514
41 100 507
91 100 66
70 55 703
63 91 319
19 14 671
53 100 741
80 97 744
1 15 957
55 96 234
35 96 280
1 86 961
43 87 101
52 68 414
1 7 10
89 84 961
17 39 814
19 24 633
38 42 77
36 33 33
73 25 654
73 54 24
70 73 350
67 5 250
50 86 170
30 95 96
58 94 912
23 32 984
58 62 183
47 8 212
14 75 475
56 12 977
1 98 54
1 84 10
23 67 23
3 40 711
68 42 492
3 54 815
2 83 482
55 73 51
98 86 403
19 75 11
55 31 66
73 27 683
92 15 514
57 76 601
68 99 655
27 31 742
93 86 634
20 54 364
77 32 265
57 100 619
45 80 931
57 8 451
22 72 625
79 16 288
45 29 984
30 75 872
17 42 605
7 66 10
69 38 535
16 44 96
41 60 742
5 83 577
48 55 168
61 15 361
70 10 532
78 97 927
93 15 61
80 58 605
99 38 199
2 43 666
24 14 300
64 87 240
14 59 311
74 79 283
53 8 101
10 73 88
89 88 48
15 86 341
94 33 805
11 4 615
31 54 854
10 54 154
44 12 991
60 8 728
17 38 610
24 95 237
83 9 345
3 25 654
98 15 205
9 51 10
4 59 228
71 56 581
20 31 797
50 92 294
48 96 724
65 99 834
46 42 237
29 33 90
45 94 540
98 21 375
45 66 9
40 100 10
66 37 1701
67 83 806
31 40 153
85 63 421
65 13 951
77 83 853
58 78 291
67 64 356
60 76 27
76 100 334
32 83 250
4 95 162
79 12 618
30 28 867
48 3 261
80 84 831
46 34 180
47 53 857
37 100 10
58 84 588
45 84 613
6 60 125
93 21 473
41 82 658
5 51 484
47 57 503
5 81 6
35 73 131
11 28 627
61 21 123
57 90 151
58 88 540
70 25 538
13 42 979
23 87 662
55 25 878
46 65 545
85 82 264
81 64 760
27 40 934
80 33 520
23 81 73
4 28 34
26 28 50
7 12 835
63 76 684
79 44 365
20 25 93
51 87 359
